50
1000 1 19 15 17 14 8 20
1000 8 19 14 16 1 4 20
1000 10 12 9 15 14 1 20
1000 0 999995001 1 0 10000 10000 1000000000
3 229190631 270015588 0 0 933032460 156861386 948320856
1 297067275 632556635 0 0 621749345 414333912 996228465
4 79252953 319414478 0 0 251760837 864271810 833887365
2 194043835 728860722 0 0 976152807 316995365 948853189
4 246089069 902695179 0 0 405677429 203024128 877327475
1000 250482739 256096855 0 0 762562358 370605594 997351505
1000 52131390 591909890 0 0 425785841 689236060 951532080
1000 163888468 876109201 0 0 410904580 955276949 977490772
1000 389774454 735361220 0 0 341560582 110149361 973838566
1000 836505063 902646551 0 0 283600057 320043894 959611677
1000 876372036 938891521 520138335 731443739 0 0 995893722
1000 647832631 911798161 420416708 341835939 0 0 969478261
1000 61730315 479809539 48258676 766569133 0 0 989336716
1000 816654987 924176610 45498183 474875216 0 0 993757846
1000 22863973 41635318 851130803 303163644 0 0 972203268
1000 609583270 896656223 51298303 942410757 259606985 442083001 964113418
1000 314627428 946546116 841013054 643701742 192673645 395526138 961554183
1000 145858268 673413912 650686877 203295855 399585266 46295495 987154573
1000 10349212 538744317 843884728 992634102 279934920 542637227 948080704
1000 18664404 296749491 41467321 621553731 895910103 744214269 985299946
1000 400948566 515489958 543708153 337052248 44704038 275115021 953148392
1000 617819624 951723419 13983098 93061269 394233155 364851618 971902441
1000 198511913 465247892 113884472 471852246 317147998 577857927 940704122
1000 186117217 902752495 29799423 870244290 470565911 226466035 999344942
1000 98620904 990427681 137624951 278091165 444486014 604073985 998928089
1000 32145660 155671602 163570204 567132908 156875757 144863101 989191501
1000 428482888 753220002 261805342 434141813 350394146 750638560 856783940
1000 499394540 867095839 952712426 363401478 277640673 917087461 970199769
1000 403031191 605984963 719437517 573987349 454208472 953118152 913984459
1000 688479026 742515266 214759123 624224270 816110280 478250813 993337797
1000 64779134 734503262 897576812 844331074 861073349 690494810 992720997
1000 841275482 887852084 128153432 739162767 328807469 202217636 985609875
1000 354974341 584066904 875328404 783589321 910051555 749960834 933043492
1000 23696628 469818441 170759340 509892477 787235901 867700965 988071054
1000 38661647 949755361 761556472 955591165 530772752 586378383 870101592
1000 4746737 513829168 409496347 52269675 610906363 559922467 987066365
1000 558221424 854474541 194261487 618798493 969512552 596629127 984852204
1000 710638362 898988554 677350973 125559058 188889592 707413748 987740616
989 878845268 897531937 770112740 217316871 818947145 688738264 957376645
932 186209879 601397949 391491083 96203564 831103555 590955558 948019172
988 517535968 694093211 465610975 394867135 645541895 513474959 995938993
995 54080958 727607988 303374047 324569140 144621829 8201347 954120391
1000 52945915 726403693 500161692 966879911 533466395 265453791 984005349
1000 157964977 952409697 887661077 219943753 989308247 327219522 973254072
1000 423128444 476678103 575438463 973949000 577063899 626973649 980221815
1000 86275404 984362188 919590492 45021415 333452801 83862839 987621485
