20
2 3 1 1 1 1 1 1 5
1 1 2 2 2 2 2 2 5
10 1 179 308 618 512 126 388 648
10 3025 76 838 644 194 537 491 86
10 10 310 789 400 986 159 334 362
10 3000 373 435 908 819 82 738 573
10 1 631 571 917 799 53 732 993
10 3025 536 791 305 967 563 225 987
10 10 794 684 235 122 791 6 987
10 3000 917 621 186 250 830 708 977
200 1 708 60 872 275 498 421 663
200 100000 516 829 981 441 218 306 994
200 50000 296 212 263 432 379 746 974
200 10 492 218 742 581 23 929 40
200 99990 421 56 481 32 701 51 951
200 50000 644 836 0 0 67 90 890
200 90978 252 39 236 0 635 687 970
200 84313 222 343 0 247 447 899 998
200 50013 290 810 672 0 268 845 959
200 50062 572 46 0 691 923 183 972
