100
5458779573003576
65228578731835
207967479564050725
40554648840037921
29277980495525581
567002220425369115
213618645549876043
772603067878107180
165621403179711025
55744865033774085
99670604181093725
394337415482448754
788903495371938421
8039330963334320
14759912818757695
519165555307942161
155917040169413276
678320347471029193
487563983802558937
168856464709124011
120699776421708400
456149105582690006
700136134494080263
280690872516979471
886238967828284488
55042568456880
61166399255828400
819434012908400065
199761445742354793
951735302576138441
33170270390000120
3473885370230731
245397071126813971
53668335182118931
303459480603551949
117520714828954459
14865221322692281
262428798974968353
939730428250760541
246517044112491724
40562755156460167
44095975173705144
10529411312566693
49837551572724793
4974542499423043
431518594986835621
12298220573562307
174799552402994811
1000000000000000000
37344215707744765
90593596492122571
42981455727573331
479677188522484191
274341600041460529
159699659077238007
386607576648078517
143559550814004780
228567521401332807
817761882654042535
26821803017716681
42286169661999106
592135468279246984
789278777081363271
167534872139182395
117900706309421769
407871733718424067
643667851764948815
29420359593420523
577476671866409008
895463173754690905
528424074280249105
992036234552502055
28650805830051343
636932440649451340
5823990109530601
508754375991786242
411617060772808517
15573556560778476
20485880081910355
10802198730554371
337208368888628480
161115488620939057
596718187106159054
305315176233289
911983136981523988
66613711011280280
648478811666702493
712113185097612949
1711521460204420
978028404089790766
246334437959088456
151541817820260631
458726676847345984
643519959725750311
689826060038479084
137528379655427911
95570332893773557
810332339082881983
29916554528124307
9919424069249331
