475319554
836173669
742280613
976604619
487111203
25458517
106746227
812312202
49778432
864208430
242449410
814180069
972823716
289052406
340484079
939635714
77669438
19216576
294856588
184316048
908731241
246152482
81721165
196256828
237469351
904838512
156201520
883305346
783292139
251229480
409668272
937570404
45786879
686996168
955496804
56216434
573306967
363939654
191042543
996677769
750792217
982124161
819836573
499289388
434694307
426878545
229055768
486645614
740993491
679571308
383097440
356974695
117657420
878889439
734923715
997633279
716067994
624113430
555223541
932009279
477130410
712349284
624567456
250198138
784521881
951931729
688781407
806681395
378230434
623878848
657481387
286412658
913256741
205573239
487410576
510622628
684865766
508888910
876220009
538293254
192611130
439397390
755581077
18545777
76839532
18068622
784324036
275012846
270258604
458471785
997646283
254121298
384338794
269732746
373549858
639216754
621236952
864827790
415962182
956107042
621474421
692682465
494673582
596429078
357300563
93971305
847949705
218570031
26456916
517922492
952270238
136755873
525814581
66323601
620113670
777952590
225298122
99891634
155205812
581029349
128907310
278707513
739613685
525379791
416147220
615145481
854356356
69612421
191168350
596037885
273792011
575262331
194168245
595977983
96508697
356976897
709633231
718249464
31319224
967129899
742212899
23517642
248677482
359801774
624067062
579767596
792873765
442664820
48694272
256806158
876361869
399161374
705380412
401369003
601959404
351205407
448260845
414945906
823082761
441684547
258541427
973607642
358430114
170728975
692893670
259116647
485418368
715372547
368642493
770353049
422481674
801892236
805487727
513405672
470561946
92177658
728780485
678799258
723599692
585385788
341332321
293454077
805169733
218475443
127631000
384378468
845191280
433741580
27984969
789613049
210974774
613507465
924753835
908389745
788848751
235522284
556671835
566158222
830041188
146782958
411266481
68817587
930732308
799322353
159316284
777950164
561672341
468630615
573521394
707506058
322805361
671084087
266328834
121670535
308131628
694381341
92519517
572111252
894891785
430067210
357693353
109061188
997694067
137629830
535210148
28440704
628805227
135701058
523817886
513751237
879417330
659807527
75093179
568556242
798435188
564083930
442143462
411233205
622124395
334254762
746166689
853244413
245784543
513415116
177959348
118774986
985750356
631684818
577360111
764896127
247321101
11637847
409829577
32451673
936793208
745984210
232712177
485238917
282503333
283989416
425842018
628803976
662031001
576495003
759322557
51185146
468531439
111044262
62462856
995572885
87787295
983209712
219933881
824661501
543028197
61023155
772575780
133293699
70601827
353103643
369665670
776559490
356752026
177968427
276204569
433359756
221597135
595402285
914891416
260466858
76865568
38351359
154139803
110605018
560846791
923955410
536649453
914399699
756613988
727923212
167934162
421061662
754938744
937111776
730408082
450266788
456271910
835130836
125835881
979057038
119120908
857685756
290201273
423783831
976494817
861259563
159036808
736851116
211125612
627974967
367425272
740040420
786883795
824777649
824501335
202120634
853013445
108522292
870612412
399153699
360817972
776131722
827738478
816725664
863774844
627363085
522522189
856280311
404503898
782747668
320998005
989277575
73845784
917410059
945804170
784906689
458045095
81636756
612101208
423292623
76169952
650581633
855399098
684005248
395689900
467973896
381706871
554468405
990208922
231059917
594127531
256438306
328064859
504592323
232541660
240783565
393169846
620732181
826866248
500828215
703008543
112465311
913560857
120247525
944245089
83396962
200872414
740124202
559778733
871453194
562313334
716109715
989043354
777728773
585985415
21756456
244975516
296536192
946161791
128356093
594453794
755360038
10942263
691294292
954301292
183521616
994758362
809646071
612010603
334931396
704342337
693909117
172853455
240162620
926542014
699327870
268173316
566772365
204695991
314098788
752616863
676880408
637926899
142239173
608755125
347275100
688322403
592355802
105853506
544261353
317165193
251456020
322442076
956438434
211367361
88740758
250373813
830178443
98540069
969295994
541729777
8196510
2533787
158350482
450552100
353686790
727368495
460176686
179369870
918590091
789435538
549026455
746951326
685558056
311868946
899629267
627268333
980081288
296225742
48745249
504458663
922152254
438652228
391951106
457232967
166296479
927702913
448865489
285100444
73008871
149110799
325917044
217888874
620644640
751038970
270571800
138305186
982363543
773711739
271300458
714815824
511925167
359153850
793129989
91946518
717987685
929101069
861477996
250814855
563397959
536243610
413401390
722420410
799350409
865317389
358463680
607302218
927886334
329935992
290442723
637371759
717029510
188571587
683007059
207411690
73801739
617622020
504796636
603571379
579437499
224927255
216340774
483191802
277459353
555572937
482683390
729591337
441580492
508103536
267934422
554492902
738920161
950678272
319005858
768178807
782929627
733520720
681625248
220801234
510223092
474265706
239671635
972215058
407762281
248825219
433505775
43051246
182166415
28349997
527391218
505874714
235208749
738257019
862763367
181539006
369039882
17753342
256125391
831476506
556680863
839443815
657529220
105688476
655870850
521835698
531136528
64606912
666325884
805068368
196955160
349195724
765628285
514198888
526563267
193299208
152159003
927005094
341963843
811495586
646732974
600147194
788628390
602017949
355692941
426798188
6575132
615396846
150577886
8324588
981750157
675183476
170487051
683159196
48884690
565072484
211525425
620916979
313695026
979149435
953055376
140671543
511296721
626786186
363544630
891755073
775674700
429217419
72230491
826005652
642598167
514557031
965217119
159634282
644406636
553827001
192728260
513235428
810674250
839925388
378253641
771076572
130069290
318367741
986344156
383644218
740015514
741941158
264993000
209205399
66628942
639333354
119867477
497534359
155666152
900929333
617114838
110354812
834856723
706727575
667778926
307971999
142878827
910606610
124005039
401072827
796525245
647409037
977270425
523017777
302794441
452244110
672696688
823062329
438016317
519092682
639191151
945200524
643777188
745158545
129499463
182804449
957232600
391939728
635852493
156124608
353791595
106700373
865888093
338482505
669505962
826119310
546963902
290393363
578249936
427027228
441241067
719868341
700159552
743010495
18303326
52594637
736062068
791847712
573384244
699453746
135350149
961561593
158054813
336932469
435747129
370504575
19998098
500720196
126421226
803423471
838965754
942640429
288631133
772493075
75730246
486351552
978308695
639903305
348270400
893309423
847093585
243038586
450697115
266504993
582150496
877332399
237413110
375359552
387065366
70118552
820789508
274226891
803068198
195329147
52014154
568052551
485748002
788743457
267078160
927979213
961346718
78014140
210964189
203349569
712549265
432762060
269776397
369709210
106965077
57335828
431737927
629646485
347435586
642613148
2715642
117858112
870590890
771352016
191347535
567248259
530336446
604768314
179678434
72061470
112713195
226106532
731850922
713777355
557109198
385087938
909480659
587372692
809463705
837704021
857103123
71938288
878223447
279550953
499929774
172125112
120997407
212782065
655472721
201053897
138427484
637981054
629925588
778300173
476611233
240973385
873490664
276436440
844394887
419580392
857793269
844461196
441131487
977990177
492546756
788899321
476225238
724809369
998865734
310017990
474536360
556738554
885265469
971782023
601588942
876241398
794472972
275652890
876294009
202182883
331209349
238669517
261861888
492920816
164378704
277605718
644728494
890320807
472337173
967884384
800962911
116691200
129119896
71409330
433056242
155358607
752651140
461985133
903915052
37158347
821444670
545904916
504308262
731009152
513483948
416855844
777700327
105984587
163680935
913234597
833828018
123414215
988013937
766639427
544199465
161404960
202256066
868236587
281528363
510708200
885055194
257043210
40699448
978457734
793046152
152168748
170303559
310302110
124244658
942178788
111127695
222926412
639573451
265608379
463659047
997049034
930429631
470630523
9977066
168728124
547549769
172051515
950007980
671581973
140110457
187676416
256141304
437974572
533886180
192060436
173237030
846424519
553780228
42205101
683864687
133025902
976174748
268078306
808463895
948025613
111641236
213586385
571069431
707225821
441552121
680991995
807558687
589561546
623759173
443341746
371101804
416084867
725493891
708194465
184538905
682835730
504543229
166714196
343720385
711791955
294176113
623604303
799470300
919157613
533297055
462452094
847872550
678343122
4326326
615095816
679593641
62065102
917864569
405606079
552210624
985085981
480837185
26896151
931866633
686682476
28974339
624652759
864504501
762044948
133928273
718402953
500348894
67214971
105051730
397468948
352344804
52156715
134057403
502920857
20437478
841674565
683809147
803363927
170627593
979578609
14030668
670139835
994862773
763261152
229210994
33454578
443442998
750347879
331067961
522892176
392149646
36755448
843850620
211454075
230556882
276823786
826750772
336059700
187059275
853007318
168445323
305402603
155519566
587234396
612350382
734358640
211073604
902990150
888059613
933177480
152719157
522130955
373531572
273369302
587862133
176251975
844506817
293671475
974299686
152667420
559194199
997929120
624500319
604944326
602513711
986334460
7592378
69694560
271561583
546496524
17382643
906897493
54752004
781716329
865573807
327682216
354239393
545893992
215516989
644117775
13363656
243113883
825644790
665795485
203360428
849257547
670338171
412194715
475575451
305036708
823910692
418845502
964379979
891227561
293414931
776602532
250860040
125481966
906143579
759412863
194121004
497940495
710892297
928180009
323493999
825508899
764585699
881280102
526280610
6724311
935108633
698903541
240982964
29211023
251063594
134220837
503085237
937637997
222832231
972733191
176463459
469179014
857006824
387976828
575380913
994661395
309378069
770189819
117559434
748906242
53496618
255130888
94516042
635805089
472857487
384879245
730007767
528295080
253520130
485242799
857631756
413252295
105177815
902350017
301653256
578509941
307168163
511193940
927392770
544897217
64811950
463166003
863457485
919940920
642848331
792883395
774370391
471238659
540412540
217635158
291321269
267712097
325433428
180741867
577557784
68764540
130702081
104139230
893154597
731220307
270922138
64626773
477078874
976197882
651299716
74926133
993202832
902257589
276744161
185241477
320560782
851223753
789160008
674953384
855358797
324960184
50238531
601277058
123117522
250950976
414168381
15604719
306607895
247559250
98197041
711283810
44068716
161741701
321405286
658309408
404527280
995258378
583390707
851396210
428011215
631772320
614083522
238966530
961013514
117624091
35459031
401218782
151807169
899486854
623699014
477820774
516566167
298675878
743140032
477021736
249629246
706082002
803135633
892057123
367689693
71448782
349764591
181340371
93696069
314390766
801998491
15520483
24289135
728684136
132066206
499191638
913015081
369067799
784415103
533163495
734062113
450809542
851638165
657370899
861377721
455954580
104378018
553865716
815134889
316775282
818549848
10095125
306554541
370426103
332168276
329433252
632146175
669312374
772220898
978086425
123539022
519490162
499396157
357297339
464464168
17867649
601747053
67822560
943065238
734829057
858371167
479866685
546102108
618492594
430834134
587202416
387660201
655714433
284297545
749933872
319480734
405496890
538132530
193112676
632588344
135183117
943738356
494107528
778760790
258838617
776811731
417002249
376255762
622190419
355413729
164437622
745820310
878144305
712586173
980610702
179436661
794787008
804706165
778001446
368436028
818413525
406146533
147342611
113531025
67442145
512752945
493325341
187158829
379739295
862272364
263545075
751835466
933965692
965320372
866231905
560742340
843334243
682576565
944948924
159270530
318897494
53298705
9726456
92714371
881860259
398056572
207058161
134070934
846779396
953814299
126032311
959415413
552555456
973793645
593908860
144833992
896942397
631166974
288620951
187691983
181951992
504984293
261361519
849476129
230739478
191925460
254316971
800691385
767526131
611842136
23494396
613803160
729432964
813321855
570046008
118716910
756632204
791540488
854548770
400637253
147535364
979457499
309701404
963695088
202041175
159889626
804636665
113363367
261785857
961870360
449696426
974851996
906432878
285960936
815163644
403493425
923942702
782304830
753901986
138173580
625728029
44283778
87365422
624290579
64615061
929978442
876487031
917845308
8056891
956160944
942567577
775578458
495381046
466280428
380180364
581212140
895119634
195621526
546426643
997890918
458993513
103494632
334432744
223145748
887322987
775333617
189065453
819919223
66518280
834980485
536082013
610929139
985914538
810320761
972230433
19477139
740132476
229312826
664694398
794161097
266308100
143327651
936761350
904956859
397608675
639243897
983575142
205492943
711640412
279128700
626609773
759685728
637737239
541683971
564584774
808112196
381234488
139877547
656390293
660108463
910940035
796722206
92185521
417202937
898925908
477127645
365007444
420522448
160509275
264379247
320540581
808776270
603589158
687312664
15057185
218746798
861911888
733936241
130725829
53383067
331371899
518640524
446639655
399896273
183186034
305661759
866013964
774801571
651464560
244741512
974001415
22208593
351228683
47277887
665318205
358533333
710836399
635035480
911642760
402715229
594077089
637313348
994652600
433938542
460225196
969618833
811604540
323948220
888556677
741040899
648293825
960912942
633794530
241631730
516411410
647090352
440756094
236558624
264645508
476897931
198465225
780091974
679287902
247821880
857571127
302510963
861509340
414511351
394826677
265566982
426437068
977908620
525078847
370794699
797480751
567217406
743507379
396702610
995196940
281190029
785177417
275795820
531145446
159725806
484821848
588274330
816472999
751005942
301997769
107481756
709490124
275438340
230301554
328496410
34595333
597098952
3239220
203860483
792671176
695973950
697696377
634305089
340021589
319529804
382117857
209989234
159768019
697452699
562985878
852710051
382597207
351002818
879137387
896601632
404885862
951415794
18734726
750291541
327177318
572001396
40419264
571982803
76814715
768427368
38333348
852627026
138710553
42705042
117776933
254483012
229172916
142489592
994456786
508058116
320315390
974482128
735181291
426878856
774157024
237924358
842478983
339987997
853335929
912064739
596422092
480757730
196268570
692061101
480314823
285347587
640211836
369775794
842722071
924264733
363976189
110040723
494216813
213855133
981625139
300399177
580807658
718048403
689315029
443817491
769004471
820902147
258665827
381723373
477541941
975620022
78651114
168698754
646614522
847762835
937036013
294012924
464744462
913473507
888619178
417660746
961687190
930814456
690367258
67376301
449924027
978231122
324584737
952503755
732847775
41342222
190812233
525272784
815891354
270948803
136736606
562093210
977622357
111751283
551650065
155184301
788472242
932908221
370177204
224352471
349643178
923362732
98979155
231133545
792774109
671901802
356013122
5744324
706100921
916933371
875862060
348004439
248087601
140799233
954986844
860385927
345360377
242193345
853301915
680515715
688201684
961142417
780255646
690613529
196766020
856998195
375987624
189688961
359598625
380425964
590609164
511898054
239822747
387228953
590308676
840265398
863810634
378258970
217519297
85166745
215176257
477443996
862135556
472367781
308054725
652865085
530226925
326984990
112367545
161102804
361133130
827643968
789975485
799138031
653515201
107320409
64054640
26633707
94725689
56422820
546780782
904931782
436629506
685085137
918525954
77664612
849380140
658645575
139945135
886666687
476957053
19496997
800633775
940767856
708555659
749210024
327050455
547755447
862004405
263691260
432600759
138324287
192794790
691822376
931370934
125111435
217716299
94125936
625695656
768221147
547740188
611946813
972854398
222068778
205378287
798688227
100581371
381704328
835100533
844582670
612639608
942238218
227617502
760686776
634014979
117106616
809554679
702584350
362022026
670657278
356135903
115002744
330605390
85506458
277638730
541483924
767498341
147892610
754468515
468982862
214016959
777079736
154088904
105773712
300931438
383755413
717250040
261471627
63474960
815760566
550264741
376304410
616206886
651677781
56644911
732764890
89026467
707471038
832915745
80457736
328439608
986699314
696989563
742693115
169719868
594256467
33986303
97179534
795512390
493544792
991101383
267954229
85840449
306604034
770108597
882876967
568262376
621165537
402830804
384625867
606535655
127426059
20651662
645727295
468594445
4504789
728422169
380238499
388320010
17132272
18130380
833855085
103125848
124985225
671707925
947770440
162044826
332917776
651637124
215936904
907218635
531028444
152934680
175884008
264728756
52914861
775518695
155334596
86951944
369839940
407708506
726275947
167706582
758260419
582773225
147825849
893445517
993770322
965488018
493958740
793847387
415743779
699253651
535426075
50922159
132578960
956062588
238955419
607890345
383103994
982210355
70905185
764304331
413755354
963815821
343653711
468548832
358608676
740617303
523177185
730741404
969189568
406833143
479692809
284774813
714889708
541967570
554314936
415219315
269207744
961405663
720313540
94913993
534549908
491814290
966514552
991196284
844390183
858790829
766580739
120104956
568968498
583024388
924421612
143831366
801685473
970647366
873065861
587048887
356073641
705249668
274539769
102104800
772429999
305247067
894223287
741341764
422387978
509399803
347595746
290925667
409074892
739803068
224818538
188458575
172001333
225476500
445337468
864748867
307645646
638306596
964440898
929013189
252191926
889781144
873134250
739512194
527453030
431656403
650549749
462383671
798126381
858817118
845395984
446869675
117220114
988046196
613063070
160301477
222127238
632053069
598843061
274015615
451546214
651441371
622184761
31143129
86154681
819469213
208318788
857407336
819289805
228168117
49195275
112273338
404402656
178879615
19054306
354106047
728770655
550873287
728100113
460074546
310282127
735569494
853249027
883227754
553714771
732507589
121149722
795410754
724997769
996933354
14109530
723381602
325770489
485774688
942367484
314983668
735687976
607870411
15811592
61888086
407181326
682554131
485239104
673322736
527863663
861254816
751439552
920789279
518301727
386169743
80039993
88228926
281904661
489479668
140673613
347481262
494191856
307533235
605331558
807458047
236646717
828771306
758646807
199536509
649970289
164305740
462929865
888740453
92930368
775947109
20022803
538208839
91298277
401880254
618060624
957663108
325241771
765431425
339310501
295732536
212292012
293465837
315129440
667114434
620963658
641360811
62630289
166789326
751127643
331913130
359640336
890039799
708755244
672145948
923311848
808301707
106365679
676199418
145152304
229319561
45007515
195695304
625076835
827943437
334347331
676271191
127143161
449806369
217767261
784326467
431783113
950559625
597352947
716177656
700668709
256071733
386185116
979728919
993932132
32161017
428589589
982408012
49133420
262130858
927229452
115329467
874985671
788676870
335556649
493940219
745365025
525085653
418878808
53671769
659601068
642563810
499698051
980746771
851193465
896489931
551871058
616679595
598935836
826840129
462190781
189088651
805129651
532777795
400653864
818017754
534398115
633583996
588058360
514262365
256798404
350049154
51227109
264678279
978863007
756643336
152035598
758151029
503924521
862506860
289680965
163771034
338482780
559001787
445289758
484319277
955615346
43536756
545038805
324211092
905365501
11693199
555623335
32659289
421617882
75302022
438502205
546254735
48176175
985670380
186033328
301349241
117130948
62229993
718498835
461492997
785104900
881738069
36209164
403296464
930848687
21766087
693399882
194398508
166727586
560697934
962505328
534367557
828307921
214921527
849850670
824286191
160442751
210495532
472206364
468788332
543152900
309290302
672147704
946125130
356929430
492443235
505338468
177381481
273894567
808753816
355473780
79238406
105838042
749880971
995806691
32471457
573739884
974246147
80968593
763473871
610107390
405292960
327068933
880896197
141233607
684179849
471461865
539244653
904893747
763756797
440378759
182373450
538563531
231110329
910341522
401745972
25936032
664556264
177321877
350657921
894159220
737339563
95068289
981729978
53732153
306710458
410290892
658511198
653181384
769093893
44028968
801122265
520101015
37333824
478832058
54973382
550137929
360635050
370366766
202027031
819211873
505363061
150006766
193114938
581894796
14412432
786829442
954871021
31790306
431548429
865969150
575459035
552779580
147192621
849495161
775280374
500298181
117151140
905578170
436980595
546903675
188422110
807322813
181246350
150921781
284340161
663776502
924567217
949519757
542162329
445434842
955712044
931379180
393281909
519288642
282578542
843480103
486593119
789655573
600831176
221445474
576020732
52413943
897676883
18969387
864984214
556004126
359920218
9362102
287323080
276271389
394575551
897193750
909167081
143280851
714303436
86066862
37050992
518523708
428994888
197137237
949006961
411807264
396854365
92253907
468425592
89867185
14306784
601372126
463948795
703227375
331955424
138013327
783672829
350857271
662060810
591001159
714809497
427323982
494097616
479046961
365557932
228019213
488908049
179941804
881666686
67595468
537273745
90577519
644458351
924066364
235676349
5423409
763909338
6482826
209404524
908920329
588243027
728708543
960542619
793782455
93853837
543742707
447728609
586816576
788254099
644110488
993293344
791505686
979412569
258088083
481416938
872516386
811971640
599060178
123795766
593982228
269511847
147374167
222679999
461168700
517975424
479855140
835213393
990605618
413927525
670072422
918878473
189694423
214202675
296562234
448369726
995894267
799742706
671555052
641919636
969861245
668973595
715911223
217468557
973391963
185772010
44182208
342044387
444054693
304710262
594589061
608691358
280244384
211359109
59127360
561344745
114714595
643376266
141604071
114323284
723880522
681446750
247866042
880117758
864227205
822381528
752134552
359949357
141438549
538687098
991820362
812924378
686763269
806659676
329401565
480145621
930165460
769851334
146527354
113355917
476246855
344655322
598787118
896733586
438689395
692604622
643416169
172965569
912537240
529035309
365280028
158662484
526519036
513404057
176670177
487649360
731679695
367312069
860804523
253786023
962735162
230205728
578531472
327707427
22349759
19670249
585244596
920759464
210588341
786529412
928929491
39893787
146645748
816861259
521916848
343293048
752528981
385054254
106915373
862306162
933891813
296585362
694506542
567364322
817095207
439039341
89981050
92524586
798027490
353877298
490542742
685890789
597053813
288283851
756293565
83624076
192741133
770988732
646377602
30953719
704533073
210130597
871480685
520858263
123161486
841636565
368702282
403174288
618414223
924618670
285285029
204098957
393333349
58449859
146858788
344712659
106329606
349491763
156160415
36202496
455071910
171254254
984507670
546243562
280315200
30629540
243037882
847354614
924899692
699746629
56486864
355625641
134889339
270786004
438633738
194297713
904421890
421168837
32314689
557235958
475713258
81795891
813012669
175894670
918810614
401407611
139514215
4496977
242075711
601775797
852253870
528809266
306026823
159562994
469416750
537089013
903835867
926417185
669545978
234516094
915276486
831607600
986420398
576154
681855577
750691075
320833636
672993653
154112339
434338409
502012971
12072520
713990898
589081243
357086174
406229235
892566567
683020085
514647537
461866162
569083130
258728387
576415985
13203993
226610813
702594906
348789946
222286756
500287643
113929186
995756205
58615139
118936436
819381517
215801719
324123687
570561368
682371254
54442038
147949437
126275557
601398581
952572670
542383369
159776290
496679662
38246511
209641263
562679658
914950416
603297106
73358524
196819635
295767368
665942892
803821417
797324354
302951372
503717188
617082874
400938242
82419614
157275893
294286491
578106138
957153432
479265030
919237701
853798610
196551712
294051250
797100574
188835117
57649176
419701724
345469847
722812601
582953767
571021884
757815061
724535967
152487088
72643036
669898155
651921881
545942409
832783179
201619192
857550636
566204058
20736787
441673138
389794601
337700091
394033345
139718377
458955574
844376916
360843119
184271203
909981431
643264317
655137879
422640137
16836171
482371111
836347871
401297112
221149152
552638337
475276436
259718890
18184655
275568954
413362891
811975327
32944085
368583235
231119454
173178150
234700442
389760082
661596869
248014392
593576985
549365276
814025511
942251740
577425617
120803855
362482341
502495669
150357953
220522312
198390975
970642353
398278001
803377927
390935615
494335691
503456079
991958183
833957054
22084573
588042896
209353124
90230588
578334482
174307503
61227567
91208191
541865446
596335198
57127464
754440315
465393215
590863600
513003936
169588105
995365910
434498339
536280155
213358209
36723930
324031951
923294943
158365163
25864782
733484678
496048646
757593635
6661411
204990043
930587679
80014308
845069604
14555656
620149686
813311543
722649089
306643374
334348985
998309487
894589271
990982622
458183815
102897192
263805138
205634568
55093148
711840354
741947153
37842863
921735004
958226195
916348439
679951235
333296578
553743029
791470496
726905235
183731637
692992105
612486706
978405898
846267075
143821746
82415874
176504417
258206699
936159024
594179233
399820969
137641212
494551939
553696564
793890467
709007954
750141137
778015588
970136616
270431836
122573441
753648353
584334734
194906507
594862203
160534753
633764085
175079272
801727804
569747344
989012988
814462649
689833743
693455147
143674413
856679385
170869108
932893439
487286525
766241804
333968731
544793596
934274643
158196013
620732880
1455874
954673401
241831557
237776300
482323429
781408080
566555572
547590517
326437799
389243744
823905057
733371361
823050171
821058101
506147386
930048814
298883441
359401944
337914075
984251853
872795045
769961678
845132518
876410275
786448630
718607749
92076650
270952661
404932694
880844230
514168542
724484866
135289626
725103917
220451248
595607851
621516925
680861311
786558942
151566565
338422866
899722210
328989171
201627135
953108358
544047980
374722361
112126354
505122112
578649317
213825333
117975157
110283417
896517952
244437783
799644769
602336687
972083955
63279224
502280308
626529555
842691143
986772659
1112235
734052770
700189668
536111868
143429262
197401332
849828594
344847490
826763668
544415591
118797245
446825800
250861005
18313738
497614783
672548471
518474072
286776880
169163260
41815304
336254497
966179512
870496378
268847760
686177455
194303568
470797607
247451994
44322081
254044626
683062681
37772129
543804055
587486912
119921026
655558771
259825838
793337041
746541984
378597477
351555472
505311663
425932825
418695443
582679661
844835969
14818841
958094520
234937180
897524523
922295439
297193501
571555621
798343296
845984624
700950820
894842244
316214579
789067568
713008704
946782250
293553411
782647845
837197222
982563386
599978682
924639395
665600929
25373059
145709992
205250556
429753728
412615151
636715195
598501468
436618916
523091239
975425043
994491112
386624813
804231225
370236484
127107257
879406039
238961215
259525082
183200131
897072527
44029365
87718114
948278512
513315010
540874333
312982046
845452297
667510649
638843816
620299848
700385577
79266357
470925229
57485907
147489481
398352396
605538602
752912198
743052491
603801276
60407115
569185901
591743364
324221212
460204941
605379453
962573465
144974406
250851179
342440948
823368824
506472884
101788613
646962801
803926618
950110399
260059949
98992193
243451364
16769704
775343214
286106377
556919778
961547638
194983765
795729116
330961209
486312616
376328348
204182920
799124995
512369397
404181548
633071440
336908502
908644074
55902722
462372217
14109896
984362078
422636064
690903873
937138607
133472539
818560152
330601836
54093190
418816303
981427602
840179903
62807950
304172870
495905516
464840228
734142027
635917775
841721082
673980225
607989394
483304977
735952736
440432774
85088555
384926571
798342985
776990930
87450309
33690229
602747936
98867101
414169679
988775811
900730831
491284246
399390653
55011632
467052261
254302635
709028294
406904051
784976247
851840500
670404574
839900613
929590471
980958307
166685539
425696998
122158902
372526300
121806067
876142544
187996824
197761121
666703644
480979001
265189305
959683421
562643357
343003781
659968150
724202349
955143569
235556776
587035163
800760785
659538250
977095836
635407231
907207167
198047400
367296745
171857089
971903541
607333422
729393365
959874942
650076645
537136161
308868907
596206701
942229226
778260196
717924450
638206395
505417856
76807148
117093456
758042546
814923850
694099277
399416068
37783564
774086039
180106807
119589479
914945010
957044670
940712630
433687452
38940701
229829850
572943313
289901254
649151997
764865603
669982361
513727498
86351106
114869979
257159027
593885784
599330973
229531950
12745089
851512617
733830777
401965753
576487835
2699350
182947306
67019942
84278276
514998577
343403474
695254242
148959852
852567605
546210160
353785508
560647635
966473355
515037923
548287003
367712771
364763664
946665967
625835684
787892581
261202800
453420227
658303556
773770521
682278943
905695644
96340881
190292411
436612872
552674789
309985668
935449902
281519664
290524556
196279500
547909110
615592131
188582603
687272288
886273980
396496862
414294122
785407998
784786379
864311005
718767518
787863247
251960777
445984408
933212374
781082975
894794078
908223147
630997834
116656663
194871423
324571545
355434696
136130314
825378830
830223813
324397512
520588335
841857707
222234862
513346212
308146495
729826045
502036735
677060626
95886735
407070895
578514012
384706737
281752709
418675105
897752338
225458387
765040337
48807319
554046106
702515444
983416097
40120550
48888188
13692029
435829605
228211613
788815957
992516502
140582295
654730820
357097777
446725105
269609617
642377051
53953716
747890912
810190860
518210703
874947334
303791436
109012042
407815395
909586554
742662699
947172555
849963380
103820613
105196499
831982807
474667393
333725128
144503230
437727320
801152237
655117998
978041450
62780514
834062329
314685294
105488203
696463544
777671975
580848617
498456365
277423514
23533892
341674489
173853592
101235553
42044362
249149297
495052337
768568507
709331506
917553919
681204853
671453608
983729325
951191710
345561595
425580141
658659171
706739671
987778387
984591588
301350207
998407017
866249531
701827791
214020902
369690612
960603891
818964412
802315196
983546374
425963996
788899048
494853742
725913288
5305759
324740802
997030534
96839922
404497487
518028294
715619428
366518957
620482012
129850200
161632940
677936289
117410913
648549144
53819979
409428687
226989386
666914512
621837003
385112961
525146301
281707262
863237730
329488442
843370392
939154163
706804235
125371010
721147448
652528752
900582426
824979572
941419778
469973230
770801018
651692053
838495596
855528095
8454695
383031150
606445517
951300110
929756717
30524586
301088478
996304841
970331205
114126561
492664078
48871309
116095703
593183497
460695031
598122686
189577676
167194809
531168317
898439869
879891051
597744287
909858391
956462876
414040983
602972894
486037181
53214624
306080160
160662325
837143878
512429620
588731629
253686478
46541727
78438280
344773850
192105978
823282479
466113114
657792994
144045327
213046480
967494934
703482363
415335171
121464590
318086940
458627569
599769430
416378304
251524784
769312331
856347923
516865274
85207689
125854269
910189794
825859346
918820294
623963753
81164089
104987589
155260003
452504126
942171163
894743083
728752028
324940384
278326353
326865289
789910513
519140725
281145847
250813337
358671294
977566500
128407420
977885635
821317002
503720718
783843968
282871325
717893026
92490498
599602725
189549355
489529509
758350626
846839074
365435654
294851036
665097522
503244748
562729603
922892534
273251051
546548830
915699910
392282661
457388561
414157968
521171648
190989629
610641457
270172115
251542146
80982945
891130168
271730756
329782388
899833595
968669122
571533711
901848892
609209315
898633139
875261674
12003630
17637944
861839386
298101711
968180161
520029920
501930407
350543054
59965250
910845343
746742449
381255922
243720087
150198748
507035624
877970700
436803877
574599585
842067594
752604878
835330365
310665153
493075790
671908249
158772180
277431480
924014452
812760911
569570904
886056903
696910501
794112238
251223010
359788517
515861343
408590558
573672332
796112168
241397941
620063079
397672467
847537605
48634187
139755485
994805906
177125160
687546154
616639678
922526414
828141935
980584243
550768980
165784988
93938840
187857477
416044708
103559903
820191620
528582510
641598218
233690156
32462848
331329130
190896598
584241246
885238113
154452865
470253608
7358978
2591376
734639605
669395651
297939169
632173899
758157103
953708248
215388505
852454632
546227023
505694287
132595672
985614453
572286745
409872393
250388701
795262449
140375172
41064003
656945581
903309911
375349685
245761662
862401203
465888651
614987785
911637747
221246956
536991818
869615336
432335414
313707964
686945551
601880287
152520321
830666684
451270577
149066459
559146038
184539869
894221552
43649446
617933019
536779822
951207638
395565426
418420669
647211181
542689917
896794189
188145030
410680013
18656646
816861469
819559649
473983185
119411373
717524140
283169221
29457903
677137675
859232503
869131676
929167800
37781221
184251857
894710461
553360792
784832973
496039388
274177654
425677071
398169801
953821541
688297699
195373449
106210856
362805264
453228496
707781563
264646125
381050951
382347596
854516268
403431971
215203574
290982621
456404109
177552556
845980782
982033557
538754421
493020613
539567568
61679678
717291619
664170616
929927859
570887035
610217132
571795571
33638271
38659432
665129378
129075947
769349752
690140101
540535699
912380287
85870149
559939223
957587014
349211924
82352431
226239942
586278220
381426050
697656069
383395455
194902937
52713079
865623461
548608966
551110899
294762308
982097887
689955690
81416261
787380531
829533371
830777795
80462814
66551501
163856362
663226372
79714541
451972901
208133932
244075071
657166904
34219283
42692961
51573405
879812809
707883074
164880734
419865946
661529736
273219718
289315930
798470085
957862141
197409385
741100360
488474787
476288303
565062902
521668891
426693190
992558553
950561350
218632840
740420590
108020665
875790385
157412816
506215038
767241197
711652763
979020964
287678900
792486186
41641904
586175997
188213232
391858199
625789418
178793812
479955923
561197153
91048503
362018798
33462854
540629189
515050520
372141007
741053968
713734556
269262736
887184352
246443780
828066948
312843609
237834684
571008413
89894036
517469715
870621188
679224901
481064759
631980388
573546525
276594275
901249045
919322797
51243712
174615137
305063082
769426540
570241081
637424627
40564525
193774771
625875172
357766302
134820759
960572354
837742661
352351723
782045479
111956108
533583914
553586590
503292496
871683901
640507020
820272057
853194982
704293058
637514609
261640364
967412898
417223923
515937146
599049658
746080610
40967710
866390901
526800851
820306081
145096743
317663209
300546583
910442418
772691210
100556522
743028176
140750408
226208001
414689040
578283517
655187034
262876873
191255861
737581465
680465101
216334221
187242030
979915911
568675630
290111685
562103402
247074939
859377266
967017031
907211986
79165670
414743048
551825652
126928802
889617625
575849896
153497963
62582564
348348126
264484312
802438730
603002601
50866920
619599841
213998670
639614019
893778377
715897194
787699500
571213570
963869449
296468431
70538014
972030068
40745149
198069288
408067472
997486357
562450404
50779968
365876413
407359687
903599401
596945102
92965506
930459938
851387343
878127885
587804583
271221175
84070589
993472617
546797230
626770441
62751685
236021162
19976589
218709906
16560295
935775900
488361109
263369800
408608227
928779902
636409912
855080417
884577501
612354038
116804370
468672362
83501081
669741087
942373907
203928930
54609898
629496726
747446086
581990065
800581614
485228524
999099424
373185822
890369127
840124821
374875556
706936926
447658808
659362236
555233822
310656008
723990279
278084105
532807243
829983682
882500684
955605124
964107863
148256202
619452901
729635865
64262121
745778638
7294842
812469461
725774908
969534197
298542429
800859566
996505577
811783009
635084547
74673733
602216692
580996788
469561558
4890408
5089481
781902308
445431645
334165267
617694676
941757938
973375234
845448882
914756415
605623250
136463994
441443916
574347899
835077911
387107095
521770132
758617935
979879156
440737730
405836750
289285680
814299197
458881602
486312276
977006455
70569004
547074723
430590786
211443462
344145538
589037686
214961384
280585518
574839067
140911574
511186916
324816743
500249211
984593126
932512359
399026715
898341135
401530883
27819849
465826228
346876607
335022527
904757855
332175452
967034738
837272323
488435105
484912330
875931200
214470702
452913249
196369001
339419268
192957023
979268609
673974095
164634215
103630185
696083969
874579302
888173574
565524070
84845553
715065097
583193620
197483828
683543726
454825323
669639111
256042670
32782686
959101490
196158708
81683840
304821978
688478205
102445490
285135273
993073414
965268835
856733634
646716148
709962096
432740535
249135278
94245133
478592585
841705244
150766860
167359311
779579602
255683613
425536793
891799095
391760380
515807826
990122182
376235362
143210547
865001663
352819868
239435900
603219155
991609758
727964350
264607856
322708655
286067377
969906941
998520802
500543239
537286133
233455646
357495740
872695675
117630328
148280271
548206508
328241183
910211595
733222315
404119709
738201481
219212492
909960284
219957328
95834412
29644158
424914506
656262980
110170994
459047727
684123125
285925866
138274460
49301986
126833296
745081349
889818676
136632578
735714255
819139146
421969398
483284839
764527267
107845732
322127868
757126679
968059641
370381958
662573138
870603934
153060889
106582199
196837913
5402355
692331025
761292894
36328599
592284196
183175301
300452179
461380588
778705283
178785869
498528926
679584698
822347149
51986933
49922203
813867494
81879465
688989786
649510473
427409745
981866972
648143372
183556134
138658186
499216815
106986067
513421514
695367502
136631419
792185568
18899998
216489454
700313964
670583145
683732070
149261700
492171346
905764443
477985011
121026004
197124515
313509420
345168897
845966439
838353886
220984335
242961165
21312619
559629210
509335042
236220367
70458984
753664924
510992361
681223801
888737603
647881112
709737946
830567074
807148407
870045581
7713246
607673450
566130485
80324691
623012279
9465923
239048375
836586033
795532810
476883224
621379774
618003396
933691550
46120006
874330393
99532734
290379842
733431465
594192264
616547147
734678635
848110565
112031835
617865461
502192151
797526961
410264564
846641367
606465468
338883061
525650425
634320306
783455653
619794358
252603561
455439464
62944526
862354751
710048325
139759462
379072917
80611317
759845098
493584174
652766290
672726169
857421211
760447700
673890470
447824214
751190793
922382635
4857385
594503382
995144882
22237986
286144946
225728815
284536142
217337099
714258646
36588391
9704685
656996587
679247776
773089526
482782696
630941496
35884665
536947907
6594277
342156952
220068521
672451224
226616923
868289091
582712164
514051048
56293652
177388761
878911832
429001047
317191942
255762812
499758576
307611038
161294103
61472099
508276722
139470266
846608617
635475791
426222236
838332705
849763649
998356244
581488231
106867194
933952891
473119978
420478276
740236546
680039326
572299132
137818381
320159142
878346395
205314666
258719621
881859239
940404409
325382152
690005488
934048556
407068341
78104536
98272689
647201431
920761205
348678518
271254154
464010692
634829409
696604942
964117570
882041555
39445152
409354562
346061788
332530544
16389355
296800347
260241619
986218856
830105699
774234615
428172927
788536304
937867917
705934004
261293152
826753355
849784000
104083072
708193591
36292528
71133582
105390451
867674607
558988339
16550253
615644297
217412871
885822128
865538794
526928911
96067582
848558350
951351490
578639379
797751306
813245563
371937223
774265504
495340330
17775440
594390126
368396427
982519148
233673338
194565139
815537434
447432243
799635833
633004399
461413593
641041062
393954588
931005359
224621646
1247892
602552458
247003050
282851218
10550185
333813464
112571367
199904774
868948983
91354178
581233281
295093617
979396919
418264355
848328719
647730104
230195114
324234368
218849420
895135687
759935539
3926348
947343882
928872951
31684386
279575689
162025724
811005439
388384538
511003331
460729629
816434555
584888266
716240133
980779081
583573037
242853695
931645014
380079037
256834907
281468680
516151263
389871649
555800384
463552767
267960145
417519038
45368365
562602122
281990718
859162307
897365557
415275113
285319473
853489247
765318461
718676098
429867062
948478852
468899715
389774569
130199045
288508040
923803819
635263357
913139478
168081494
4290446
371557221
358082997
394168189
753097659
211529947
981041049
761742101
515813185
54386778
745238746
501857615
862407812
847568013
770849851
717754101
378165506
609499079
849353525
403178876
93720912
355342670
48040980
204889831
576470118
150737688
42317115
722925438
475851570
30041523
827472133
256725292
858107474
694194320
58248459
833729866
101178680
891802683
354958853
600247585
714625530
345836749
764622753
186367302
987754590
789274498
781416746
743760732
977510614
141854710
660816587
287639389
467369267
276013165
574450571
91987367
849517053
729212746
518866782
9859397
229858464
493982259
413287226
234625869
184290960
327333662
826165862
613053597
628244632
768065805
229640795
338036815
602064649
985326787
849016172
359205566
192599545
476294768
376325398
483206246
574740475
896415367
206678660
438665167
330717496
371159036
725511236
982037142
647854682
816807528
26938259
584160932
200057342
269394954
517101929
771847599
985547596
801455260
564129847
695628183
492446347
31631270
325623754
661947213
301208873
305333346
851737150
462301294
626062165
260213869
115566678
879068658
645256256
634255100
37816558
411127469
852065514
130291957
47606220
122066810
670594423
770239076
782228311
771695735
974656760
275083071
292483685
358105567
228386400
216781881
30603275
220130571
803145061
154006099
246329706
183530051
277903896
265268354
807019838
403989727
649577312
454990764
275489729
864949388
851890807
415609479
370158594
457554462
844426287
426638482
814380342
774269978
421256043
288077309
912157727
331142020
179880405
673805469
302123103
262184881
171362140
754296013
345569546
652305156
559696529
239794162
101445832
419818599
554232203
540201409
535178876
399775519
628119192
125668835
13597785
148617608
981530738
202588056
843738924
46303007
443768211
664699356
621533623
870702412
313753682
569087290
161952678
112485416
790129878
439273978
114701010
524670613
117862459
781054651
789686151
545157400
791784282
298774848
65213958
291983048
457905221
196801683
794706962
142617300
934636885
230949677
187079917
60484882
28136734
680251129
245327738
755350606
526163971
513314661
845385542
15881063
322343247
965350411
651569558
423662976
475724259
420876371
717046941
138150545
710939596
754083699
787327999
730149000
760496999
59707695
823228250
693406103
295561164
849669574
507740285
610723247
892131908
64510747
805462979
239538335
693849658
455223820
726892176
96525369
444476133
984164588
963581115
474527970
151146097
279728727
415736202
41523767
248650791
612771742
971054249
829223531
308301396
229739164
400912431
452228748
53489003
936936736
743397213
158189044
547796803
708043406
824935556
517802995
937070724
414351409
437268291
990057323
145605537
945461939
351264103
951231477
901078102
791121653
690286667
849290263
83101837
322811884
955904832
841363301
578894266
830627085
478935302
372553290
633606126
711476652
816790987
51758351
931645970
856070374
468194252
368104479
384665938
482711302
668613907
90370450
673309252
227783041
169107375
200686259
868909287
739694936
730734238
653052406
924894133
917770798
446759890
625313103
806980822
508840768
154850684
79593409
22303052
272601721
573742304
833565255
537003406
771622129
348594784
355498641
37082188
24503632
585152258
176204751
474302719
463259711
959797306
851215862
685548589
212141439
224039800
616628806
786717794
902004881
838659664
822144874
536935071
502262655
773357352
724822933
347886912
665436717
156239091
966873383
662761287
935326769
921126093
72410920
622118320
408559145
303301992
681420639
306749659
193879118
515579537
115679490
527650398
784167988
296075083
770755260
529114319
741133748
51677117
101778280
211181322
425269989
665286080
892920251
835482125
736629553
96558062
600552860
324222971
750161667
510582151
46463040
747470730
528562857
364331016
607100784
889185842
271264993
551765982
643744307
854477555
131906130
546416068
885121482
352049881
741524105
363929328
406982711
395646409
429411850
645941112
285609955
162075922
614085651
638726297
110530321
437764532
691143353
566171698
866936482
247293705
941463148
855505215
354646987
536691141
901770783
480649928
945897006
184761305
78482331
927485043
590063876
81118862
851068357
899652387
120499110
83654644
597343731
97197397
506275242
5404541
310560198
331960330
311144291
312489178
285453337
818473713
36613893
550339266
236296037
718247331
587520068
442361099
103742273
4482874
797677384
946131960
465935694
970099383
975222351
352807351
604077779
965722747
89480558
125297641
347528722
625091998
357241371
186278713
648488794
269730252
930953224
646119345
701763020
504109461
925317890
395016141
666363015
329774261
786894847
117814089
846793215
921989676
582429233
499270828
835447126
718807628
836753930
623473174
669463557
757203395
575531664
252963245
589919499
913325451
358334713
352196720
870160077
462919717
656828535
413281728
369524256
275501530
525635809
612548427
601566678
984796691
714611455
385673294
452262384
71442190
340795960
985896893
996634233
696598147
462476741
431781591
642110671
906239255
135492115
279960611
535867517
620455166
528588930
941011348
862583554
314159106
294866588
418953917
478423441
981922861
827232886
511808067
841613554
388395097
120494578
409751844
39492218
712509698
804575369
44382536
402759489
96643084
510026932
154146869
290847029
649583348
376417851
621531546
550649027
650798588
182700770
842702343
383284091
135696772
13414917
934838395
593566545
788420337
123494318
540044104
447595508
567482502
80609255
695073975
116635587
127943389
248982055
883306794
44175503
622828279
400851372
445701974
592888139
833967322
470461125
710603115
10403146
32652567
893642656
165039500
411791917
429024124
140855871
408877853
17446152
774494472
538635953
895084660
105539603
78876652
73177955
996838921
506097626
739252785
900930809
423424852
144470139
87848211
29250409
525456474
159311020
96119746
495804243
745082732
942074064
27156873
267479188
79650621
632633429
266324567
936514280
366547052
985213854
625045693
141621454
199117252
844074524
150775666
984681162
499099551
468240996
137387999
674894769
162583930
261371413
157871649
66637261
380965857
317818205
407364675
787560252
346985311
923049847
209593844
854135413
878262268
677013660
379003851
669965533
485789424
800612181
606565362
666127761
130822405
677066154
579378535
310112971
309096423
355442330
774353598
403001780
967206366
753122526
810726450
438247266
491558004
816345473
303969720
43908304
342162579
35910475
355925207
997487376
544516857
174190684
154433488
340063419
587565658
845250457
580284071
366042408
51570115
219622168
923332752
708778520
779541585
685343508
19452024
318724281
354992544
476297770
12993439
306424765
637072821
238198226
821301222
926556816
11911766
559774946
730032847
45215040
393465247
119327436
489886038
46183369
381511259
653244459
350841697
130268121
412328396
729403957
859124047
724801613
908872013
858357046
770476291
4917906
157608331
166622579
364408903
435428261
270331260
874453297
644836207
128741784
209130498
476106013
90122078
589801449
733256549
996071690
73661320
984377007
172559078
187718182
414584685
611334835
144833731
666369843
81460277
435186619
976361004
442958417
179183624
685633357
252096201
829247155
641316586
653740468
352558995
16044815
863191341
968096146
482534915
185334295
443425411
899777893
212275681
170393408
834076135
431561743
971060272
306028564
44961430
550254324
923892367
995550232
882610079
506363515
253159530
984963685
450623382
842363388
70895462
65819335
289310459
189418123
762138257
244154601
148738157
313539586
228889493
285930744
507021580
963299285
482940005
275877992
545931665
485831644
515989236
6484304
357460640
573839519
921240175
541863342
27788244
138038774
51039125
244608751
897852933
719940264
433452246
750688212
47640772
164730488
368370304
215078208
817400394
395939240
468080051
863729661
597961598
685666770
591473748
525747303
353509997
430217706
121301328
855763874
996545611
840907684
124447014
603135845
820492990
945807744
791836979
502877983
274168449
769673970
845017423
998938566
134956353
682329602
789860807
391843476
152955307
766475616
31576754
380030672
693049773
955788032
837754805
431085387
72932000
569699180
672353441
560760656
431690245
167801254
83319207
873134274
970406966
533699039
801360788
394772305
657807032
869757779
385573619
865189975
841190576
724689455
932480746
633130953
93629261
746669623
937621921
143802981
861062707
876775765
952284958
467325762
949295137
209946812
23894091
502601324
452133887
109299849
750485355
662466452
345876525
724910286
103524827
476082003
376410043
230776605
184869367
917658023
2554313
776702196
672037932
730346583
410652008
295045049
227513360
328611001
996920702
934008522
737551191
253453576
481439727
772715880
263413087
551315348
786933419
30951093
6242903
918681921
639329011
914652971
5537597
889621834
83041018
619454075
591548658
416411035
956518522
459376971
394783665
69992692
44345520
585038794
715979529
24054673
982532203
329150075
323943023
805178310
42910388
648153622
299088156
661111223
160088315
669152428
620856589
109796263
564100914
413415766
510872069
553958694
904015327
291174231
569238109
756551296
265072450
222729063
798230843
989050097
110109214
101691056
807760277
449339418
609895519
84406513
778235584
978377559
758491495
126915255
372396885
709723185
579017048
277627684
587489661
948474049
879724182
104260193
347123212
506778034
273960021
795051748
990121250
61457014
135053041
296740390
265950603
765971060
798759773
243338296
193343246
197432235
440339519
743296955
508734220
880360392
433898604
267703379
402392772
586643983
764752692
343371459
323006354
607121636
907941261
808394280
267231443
753817224
279920342
426952186
554247935
997035568
391437636
297759770
391020646
132595832
788790694
727186162
309831515
244009307
450418858
90965129
100976371
170834288
925523245
316000941
403153354
811896442
567485791
471920489
874021143
443545470
765407977
223257620
140557597
820729862
197790358
607761840
379937951
100914031
62718057
377838289
601757421
996435069
984783205
516651319
640150133
250283126
907597953
874403029
392404555
817416081
592371118
80806915
788445425
765529219
302380716
538348547
89196351
381676666
963963777
677607609
23528979
100530149
293837396
171339883
274518903
843097010
579747208
583514692
132310150
634337367
27151872
786191937
447095127
841991748
238380749
942426676
904543684
574339560
22972155
982231677
929884456
94809497
693674769
950958050
976694408
90878176
16719229
119532853
383250200
531653834
828975307
789159827
495671586
290884495
65876626
330131291
335382275
546949963
856784947
471143620
654871676
354096964
631921006
903382653
656547901
358385091
354635663
210981997
533028430
220714688
201331846
943124458
875108630
472993416
479520119
476713628
486867705
881210095
152816758
356396891
298584108
975127978
2159480
684397447
532810121
195114115
623705700
611998863
465130918
70251729
261391681
560014395
682054084
79286238
254745238
378763634
964378718
773178684
626509730
404760439
41990583
206914975
691810934
921731476
514825618
141860449
919424927
208962240
60228053
269923908
846399625
265225842
345823153
675997488
182311987
218118212
781385125
549290299
26946176
410261411
175848407
51209810
625215734
189915394
358888901
535576600
293961356
92473702
130311955
704309524
411851291
46694194
517197491
152781944
11778437
594516189
329637855
691448804
844706673
546876929
297216601
907724620
156787525
950606207
87528499
182771347
278684885
926578519
894985991
517215319
686212812
902223955
259657236
270106154
397614728
484768456
697529332
464179049
352866061
144892064
320209882
127970391
377787891
93474555
906277384
491126367
561814714
401629388
947969043
909317464
933579607
112092449
662811211
336904019
439428274
987750095
288247970
518201869
720538441
753104979
154393457
126210017
43236882
488828595
846002983
282719062
292109449
839110556
861972176
617182068
318361294
624091610
831052767
52434076
54482277
408706646
431076348
485678223
159456805
958024011
656950490
263441901
643162977
676951272
506837021
925746121
831254857
99957863
974458129
831810613
45525007
126911503
127669239
935958232
633282687
552549033
588783236
883056496
932486075
807033101
821898519
868163397
66980101
460541491
693482924
624072919
877260905
324094397
668344434
424491073
164478751
41692112
651748238
537721151
263638493
367766710
262570888
664678895
858981497
676152921
653519069
913451474
673339594
434716533
233095452
349400222
792320065
399319439
287162166
618967126
195182737
835561056
134043131
570675417
706688805
415639140
804067283
760953368
21861754
583908040
331944787
143550199
165391734
673752813
296633804
636657896
48708499
998725615
563573587
463925114
620751770
902201279
495752491
658143474
125467787
920156872
740700428
186837095
157014843
965017140
797844018
622124699
380730629
250658416
880920629
222439684
906399088
277471939
757254950
60406107
815830238
278395691
493215167
951319384
384752952
726872453
469307005
942349034
575873756
460202324
619173320
811679536
527542951
516905925
143450838
903499691
368773874
908090373
29392409
777420754
872036488
156406706
463590755
20151281
403742534
641073972
741578368
100296808
633802203
240755420
295905128
709028415
859983659
856527100
619438913
102343465
761737
321353641
376036429
259745227
243236963
396483795
306424920
346209687
697853857
645145511
760774619
624419673
33880262
923038511
612350636
555875228
691301253
232920091
781878639
81061115
759963428
674546799
25747660
984638040
593602872
104313173
533755850
679183768
269744077
805703775
562426761
678195431
884700308
974277377
924355444
908002939
882378318
212040030
288400506
253814954
195634423
128529860
804736798
61347163
620913956
612099320
2949181
478477535
31755962
6991222
750463773
953684788
727602462
698493461
807291366
4630590
315236263
509637810
698956980
136918858
696146654
932268141
400387583
518718501
131309454
223400353
479815544
397275823
741759741
562011841
271650143
485078337
770091362
876608124
89343317
189680376
128151831
873036455
963452097
489373000
574681353
464931274
213758340
570757271
950705984
147871928
553736929
647553256
501091909
851759158
301914286
22661081
178332225
250650902
730240547
502979010
424916679
136146866
809344644
502223167
291932808
102725936
953463597
810095317
867287630
914327006
427075173
811500029
197536607
63940902
42316640
479682180
503435558
33509825
753979464
160231744
77471255
178126354
726763259
37763274
89836469
202595797
59350978
908429468
953214501
888610499
437239064
22341794
885626410
404417871
889828246
131326373
293827936
770427937
779813250
793294326
216137692
355990871
681742755
101145765
863674929
817384609
421444661
994067591
496741880
984543977
57226966
788572955
408035985
846739067
457408286
100209335
378841584
101027535
580147506
601887205
838481373
170019764
737690439
603438774
433328339
680434446
22610277
585885278
979062968
215614880
505004739
818948115
719897168
596181675
925546678
702376560
250834178
12086920
640523990
696475276
402083901
73744420
316864423
781138619
137371442
937526602
108029884
580162141
658311695
767758085
250208726
725918478
938145759
65346440
459048345
435289789
754411355
485229826
509819173
186288942
126872445
850345799
70288370
129419179
724634634
896050466
805505309
938472342
764633093
27517398
111804388
493891349
685588999
721848819
877929770
293311741
262297009
438315761
424240473
310325343
440615184
621045331
862564927
297849938
694869382
132835765
514279165
647796699
33948106
205328807
313278573
304041723
69449617
425537776
405260230
952717284
383626975
988140239
982501813
415623751
176202885
284305348
727657672
309210545
972895131
135516518
312365888
502693861
634488468
160411533
562966597
972828006
487160936
967862740
287312142
604555431
210086684
74108370
523183211
138174252
127897913
694645049
800613048
140114772
943479548
832851208
564041604
307603773
109282494
441724445
396609331
172856405
559461365
661209529
861171395
929310199
327464187
686203756
415193157
905860555
745868334
179407222
746736642
682971729
277677363
722016261
186932661
75246286
429220913
733834903
247316829
647098244
922804397
201684702
58032589
894346418
711208884
803499781
969384953
43898571
734736538
792014425
906039173
870164716
479132862
150516024
160894507
401748727
809449773
6266533
55647715
737367640
860617116
584274856
573513007
826535381
64684145
668617190
125639050
977840585
295305338
816984338
767501799
280244322
243165909
315768366
892063795
92204395
471930097
750021141
619342126
875237170
256830711
926520765
987905781
950638162
826341465
747553413
203570225
621104271
962582801
35441722
974922452
498561771
182588523
905878081
571840114
762555013
964579788
18983218
832786101
658697464
896237829
252937386
440200987
985626847
364734462
88035377
456150995
407258955
849343748
882440428
651863966
767627583
474803580
456709628
20762086
939033959
541927045
212979473
230927547
646214981
238271555
750103079
580859999
152112078
952853957
741084434
74848892
878679142
247951377
785919748
531470810
900189040
236070698
380991955
838031038
367248858
728129656
994594714
306716364
417083516
800606522
157046327
412887409
38887170
255485167
303348351
560894322
155005057
551964552
679077558
530273836
560092189
538694930
664622236
852527961
38930791
815587737
830485473
730581099
323849792
824150331
988147377
209989112
795260061
925548125
71913605
267119366
978675289
41258724
972225052
737216700
788369423
31771217
935892761
448881824
281620544
638880375
907503213
638776068
128398236
947192855
776137015
323568370
590779831
819272752
609856150
58819284
552329458
341354552
992986450
549421532
685069464
898320846
592336472
997799353
871688828
948891984
933817496
204972029
693587062
7252834
552514204
179648590
230143120
466357675
244359925
621355826
109537160
350570587
362837457
925826971
905805329
726555425
183964737
331841674
175877496
25472557
98950833
426770286
601253505
955500070
321565672
638442072
392843173
237557482
176954281
962840044
257745085
197155024
82758051
788083795
528977227
38443334
256806729
444742956
213293800
57605361
427573874
143379918
227926797
111192884
157963680
982865589
221275420
28337673
13721424
593359866
864681131
339692111
114763963
17773639
551083894
205534469
709939703
890232586
450799612
672372391
252900219
486213043
433055455
236863996
130463536
320010281
81881377
885295627
348626636
107230247
117514125
442869272
698161157
966537584
954549693
672148966
856217647
200632334
769013270
300373081
56280410
609312294
144118435
502024516
973691157
837381160
279239725
63208707
319819277
434779642
599320886
21440678
214869897
15774695
321605339
409657620
40437265
508087241
144498002
974855018
410219647
194422538
904777856
525784580
5173101
249798513
662626815
469376763
45730531
350057102
923338465
590065172
369114515
222339428
835420080
761709209
383932726
961327859
320497845
392719310
714424638
597659954
825922593
232489251
411119730
388333614
63332536
217893417
666774771
749072983
792725772
711694100
185630739
21851861
962187121
664705485
878678505
246897211
709116373
89055995
305504618
40693536
9508241
39075635
241199291
900032774
915022703
334488306
176452186
67563761
931315473
171095555
952983404
627033234
838767355
337492499
432596122
908337909
797135821
266576022
442514025
849960326
463036507
372667858
277327017
28390444
322879518
881393282
564525756
29024504
395530735
481109873
216140728
288458994
573736786
7795466
467256474
723204792
355106195
433885509
618524125
50201348
782989868
64006327
697503159
211739746
13248236
323780251
3131314
272676738
200899494
526886583
272450590
41486662
665891586
36666141
307661998
974892256
392957954
921158715
594113949
666800869
602197645
355436723
435982267
681177396
843687924
85043827
462932341
863360062
922750770
40465287
595545776
975084671
356245038
638658029
912295303
143281018
697205641
581759035
882857463
158127045
914258815
806997026
835428388
613655101
979192226
827865465
93062878
872860206
440195761
106000543
297416751
246281139
809166348
328295490
95562318
938510064
784920992
233531084
824766716
205835875
546479644
736013974
52825604
584865497
638833946
833253983
583367167
984582750
21647638
708067639
273221532
982830767
952408118
130390194
175649245
366518187
198372060
936861978
832708664
356345316
920597467
31998626
195564254
789453235
178700183
503590206
692829771
834503657
531302881
509171198
134200366
756578444
121582300
780054755
309685676
820740224
936638787
476012657
267830648
352590184
517489190
776370845
908946615
484069366
567105283
970452920
255714486
158226373
558325251
237659777
654486652
918086838
647775757
871140310
71230146
988302313
772340801
743555605
806667742
512729262
79469158
553373117
534081510
406156101
387674498
24889216
991254422
432104215
369982257
121224705
231063254
907090038
854168867
486411858
468018023
144526203
49337156
670242043
939709815
469817857
128743292
38834719
601922245
9608288
371576563
147428294
303247345
92158024
922772193
954365624
663122517
123076241
50306021
540860586
82904148
98128414
733402621
618734679
183520247
452419256
209024407
78100760
824150230
441652673
957987068
891646073
264564223
125614740
199382423
204834136
120830900
468785202
751644367
522893443
65347072
343498084
283044809
477748402
196057233
28108217
947114786
786653487
303808027
181969827
317372917
595521275
756430074
998338888
855052366
875396112
164940020
991062084
648738973
909918290
733887453
249644694
934214190
717347157
818958562
713439276
931784591
114527884
665060210
243322807
500988291
870496749
239946812
339785654
770440544
191548720
353132202
678487351
596383703
58828710
811686289
939444723
469093457
867461861
142868955
998816643
834662367
358033997
997080949
312056715
285996592
777611774
992191123
966004643
456424546
238565205
931236248
356174642
497359207
312283728
723295770
125099069
9537856
892260944
577114574
975965868
589552189
844390707
221303616
903340701
525010384
189115217
988344244
311939424
774707209
828740697
655933142
143206329
629536868
956628374
996065082
602786623
777209951
243705288
562593975
255311314
659272035
342432883
996539516
254444455
286276587
938110008
24849161
269146627
460020978
96305565
969578403
219698695
157117566
877790542
485265762
509272892
795553300
38419766
139603016
9034311
853586274
392162018
643132556
137506423
640361746
135129302
869043484
729235896
304106037
998823145
631819075
127060649
316409543
192169397
839937768
134866373
328862227
186774929
74594618
319608377
518155974
310618476
654277961
432413895
546844910
207981091
284471804
478053521
749197182
810737214
159549157
846341236
99115160
247336791
815120004
298214539
533563627
678650285
499961377
546985656
223475593
923974856
50262803
609285019
982388013
13228458
279252313
258961246
70037310
476135119
22768702
568377940
965579822
762907294
194368932
533161804
686557194
310056835
427946424
388976295
932765762
112649061
924724995
49945817
144979038
77602906
171290677
790514678
461442833
64453655
561362927
639353760
159025759
869806846
486138760
762689899
72460903
208073610
946132162
807572744
309500180
427178178
374229830
534806214
781506582
95584175
473434253
798018946
742882194
636896009
949614450
787631169
384465945
597084126
586745172
797988995
434396727
548254352
45288548
678488452
239966238
854816619
495675744
359124732
238021566
15659612
875282921
983564953
839240350
871106453
277782634
11758821
986763752
124338741
295835485
179900887
193508741
312033531
408903947
289883798
688974153
896436886
755310577
221332410
264489055
24347136
573151344
128403079
846411607
938180938
448643715
199580687
914406193
352690206
758259374
700684505
439108325
300979702
339110017
675602707
253982348
724130426
658432909
207472953
180583052
911541384
74008448
720842277
169190682
629270717
25153853
486803821
453932067
179215057
218471618
585364491
899977253
346446835
495694532
629558327
280506307
242709184
880555872
857686277
937960982
684321250
26595858
885176528
637026656
211240837
712891004
400946118
228862032
902743867
543200839
256702836
774231568
235280973
241537439
46088829
688715579
864390246
685433814
339399629
711576217
361799846
812960196
292692894
453518602
670666164
395016393
646727042
357502655
902584870
485493758
609237725
457260526
63815500
352928054
192189234
584023419
422595640
55749384
216870790
456127315
513992488
225632434
894806528
687302484
105487387
911135682
806753736
456386218
962376921
347238842
954194876
996138632
894424379
528226645
117761142
935449530
778335921
989887043
283079111
571208555
415020594
469399307
73391479
695501724
705633244
797238396
534408797
563141775
465366154
666024438
899661180
333847984
79658142
357468333
388975082
273533791
780836174
990442216
734315311
30829039
286760697
657471437
353753029
446491010
661402684
564903076
835542047
354772149
133164417
829034028
560835271
903750432
154065814
44576702
847190674
603264324
546259762
796198480
286055626
508657701
947445896
744941667
215033605
38157303
678846680
475425492
54530594
731062589
998847037
450596449
68814915
983470967
267605074
805289173
14220352
669664656
814402617
96749926
67850529
986938676
261908943
19206175
756875622
911591279
439708665
879118874
829903767
358059342
537546593
115163669
284278121
153067229
399217594
823010734
282041965
277262436
221071731
82329992
705616606
667050774
811062201
200430068
167127381
242120316
873083348
781995771
926622210
133865429
622892275
334611484
256707558
674715018
88979674
91655053
59387493
317524083
492875178
270819490
315842409
803141084
788680059
729953806
882448067
974577446
623660554
912794339
505818927
805940967
704914792
8802662
516225840
697865374
468396604
290764925
372992105
814857842
616356092
506770200
742619462
145316007
641251670
372410095
141994708
254377766
212921009
154117177
314401988
216082458
831015504
214368116
788247505
854818282
879661282
98632958
25592573
178596501
734265723
954785524
55522131
28255577
31231428
896236303
997786446
648523310
543893651
139760842
491604856
330230238
609966944
104159236
912330754
715572354
771514102
533755956
530511581
74136739
386287890
202547609
566646853
486466399
535300917
780819307
676551825
78055247
184832835
209054706
388279745
842795615
178376013
196190994
588984217
306696641
638102288
606444271
216679878
612825134
610798571
139039579
797701146
679482820
457445708
198067047
130233429
503920148
38432784
976334135
519175683
563646567
577069905
33853692
55302509
159732775
780423399
171876705
461977705
58247037
768324730
172888831
957199853
446598770
378306994
908110273
363961606
731515073
83967081
801079466
210530831
935197665
377469372
411698201
468555888
961115430
365204041
608930582
225133394
925518705
228135955
759812256
417565418
728653271
562917944
190408044
489528519
789514140
59560454
10014929
428842878
800349454
645100640
615093427
711891919
453401594
988247412
913640675
930629785
267531408
79518404
635110046
368425558
860932691
105562806
839812598
813987487
770134620
183712636
535414501
370020210
207983549
893441901
879212939
912388828
638828412
912250671
115452100
101060317
863826119
926506726
916673493
54261146
165342928
435306206
54929771
699576853
232241985
180408986
294834491
388065861
89390213
413869239
421550610
408362832
1663777
431887422
684557173
813681546
459300644
761261098
647094902
928140159
651303879
202251949
71844586
391373834
662890463
660499006
80885642
994638791
93332839
36922892
681389720
958705033
291311754
472902085
344554820
892453348
718889657
729022551
5961426
40818378
830253252
306050604
27910295
711646315
176936933
38084976
662846455
825290820
643595479
427699549
225782646
342002624
965328022
197844950
996910609
233986948
777108496
690853439
182024169
777234206
24482620
495104461
602696907
615529962
364184563
797063769
17243188
128219153
337650140
664032433
445615869
752296165
671107612
116270830
626383237
620391786
57708734
196584923
563379736
810366094
696126878
413433124
351658781
750414111
815099395
851504275
613112310
556232659
502443571
956780432
929726183
560123766
295033201
972122548
79871274
41698481
175870092
100436207
370765929
370062101
876455641
779889370
827964771
435726597
803213969
281156667
406651664
858054861
944232295
494521677
28143098
888864390
273580461
792992711
860980333
10878228
74263505
122487758
114153363
148268096
74991135
973080899
532803991
564178050
841967678
297226897
54943916
377680019
414225198
505471135
929562148
345647146
62786153
477150646
942243379
91760808
651262590
497379181
35797707
904823039
231748918
806005305
651568978
167465698
185343723
852171172
347279905
846954562
630622378
586426731
835765571
120081310
246652712
463271007
227167836
349663935
773689840
134086658
866148722
783386186
996262196
602347999
46498227
157049394
624785622
876308435
415515045
338440204
795636767
818963453
321255645
571119590
484350999
804377566
955262295
173637550
229408319
844161205
799597316
296177901
29862395
52926753
548481513
772130680
615195674
658582600
667637254
125728010
100724225
161221038
406192228
478219217
988215624
605683684
937206866
44370379
998360068
625186910
550958535
915089225
181513738
549270038
604084880
484647997
548700114
770864892
668430582
4098255
142442583
501266897
532588963
79175241
759663875
225276050
47286230
176843395
915196699
863684251
219311159
230088343
920729949
89684935
190965751
959295049
766649814
394717769
338814583
774513231
603288465
373475663
259948442
342779028
113408700
155934473
90193084
949814637
824028463
813634170
755073727
490040644
81011281
148112871
63684832
524372628
426109430
752229335
225615244
461076127
728589976
219326114
964723867
195975553
635405572
728616487
493429863
583148243
64954850
963851460
3414739
724432748
853432791
142550222
645989971
536504439
73522278
574555403
545657357
162958522
149744626
108944437
734891127
310322320
478164664
375519485
277041056
135285900
417686370
69152593
149411309
991181775
384587389
886855873
822701849
135650229
556930649
357407912
976817041
755962587
131600888
179576925
523880550
896564998
465684965
45973259
696277063
858993846
176893405
964550538
899134675
430738998
678875830
625407431
398683644
781698983
842518445
268121805
857851258
206700695
891740506
361210205
367837842
899675208
310786339
932658698
721044190
179231840
321706216
303651109
129535712
463943167
70927727
164967996
517602
645221365
169363084
818685883
130345380
358514755
481208508
594285797
724991277
841503533
287591851
103705845
939405629
536900873
195558025
308811010
451856181
252398318
442641595
801785693
336874442
789718753
307619058
612463631
260232048
108170387
896557315
241595901
36860065
638729680
599101263
777786472
598349682
241341695
595608786
864795672
139689589
220790246
532228864
254051768
852545250
133967211
442006541
277246451
544143055
869460084
835677454
475339136
8465718
159502929
195702274
884089407
82935226
891464817
498418573
366760360
399985788
340812624
641412787
110400617
107671309
255111546
763806666
237132853
417322757
619835821
796368952
486107529
91143461
703881144
540384128
624412613
24322638
716752891
650283362
21525623
267832719
591083211
710981039
514175002
913490994
263695609
268302137
252937357
669701699
617604378
506350057
869128513
684404172
931381687
319439848
90769503
725145414
184519941
35874608
8876671
208758659
628062699
541988033
415738253
157146498
778340435
289024621
919721911
413533232
328764610
940922588
52844238
277757919
327935425
38323938
260917849
790168280
265568264
764266856
32303456
835274801
333162942
454778969
402534184
692392681
98477580
712790603
174597862
922187751
882814146
533631474
257099444
403586302
763281637
29268075
96649604
557978406
576079505
561627301
463502547
863600297
670981925
972578199
405747793
431308534
323366487
515973889
300073597
813245147
394314195
399328131
801008978
415784203
677846474
62395469
213399094
857404256
3287566
163757709
307698423
585190012
75288943
863819413
4162294
57166298
990875082
914081821
337591738
802788618
585243529
734219284
341579598
375046101
24442345
88714291
282536242
594208683
605762716
753045500
810458493
974914816
156847513
330660358
989574721
242546242
476527688
460602582
570335775
891772237
755648364
223348160
313393093
220401224
181772315
54491643
945877540
429456393
387837350
893453271
714608713
568121083
536115249
57153752
413002826
643226821
821299087
961933683
757278519
826723445
982608563
449320150
79817141
724991404
322203318
474285795
776913504
626955185
96364130
362446863
256617714
199884156
405337125
851327289
419962694
238860711
689126824
779635646
385538286
732578072
65034645
99397427
659183874
510716079
493172078
994189502
191822109
265815005
370007757
312323492
370970579
169535090
132496500
477314470
604602703
381288148
33314471
234560331
319666677
998404098
559933742
778495745
748767183
320638869
77833076
505186540
950464670
668359333
308557419
915017538
55177406
208149554
917428365
830736271
853363791
465174083
333889463
434017452
653986003
705673998
571439417
973122283
455303305
502354714
562002523
737017951
700536417
482801566
898262626
239157686
823704522
378339739
988635216
867173859
761508892
365419904
651397224
268905623
226122055
604804778
336348344
805976044
911531168
743219302
719008162
647935694
259546341
227999624
819595579
768853073
472600262
433384430
321888594
263101323
872579276
66922511
564749735
961486153
591402228
690413037
478616300
815358438
195969864
670278573
817926250
183217072
78062304
972561692
676895801
209949231
553350190
214683231
932944050
821725504
669241256
849390695
334752981
436539925
413059655
182815583
273481951
638029780
645196685
300036553
289124968
200332213
213513614
153219900
720620537
956744782
859934174
801341228
350079776
509910402
871505251
337177114
9151663
316089546
526297322
76579986
368031034
644241651
395923856
325891740
286692122
153021300
349726873
344805732
567675078
776042535
980780800
934643840
579027410
903203085
668466238
121465553
717873568
378013297
685252291
299043724
9999049
575919358
250360098
463502828
63210613
258071964
901711739
265152549
419482877
569190341
971320218
183210436
644315570
648581160
886246541
32191333
37865123
983691851
243175776
265498657
989154351
750557125
819951656
484740167
174135200
822718953
946654715
772202373
923546796
495155181
121519293
460346431
725348561
64227254
633252500
908015130
291075248
190545003
938666203
206657112
118706555
732554461
187679776
415561622
193532683
130853000
35059276
841422816
410394754
811268501
637113449
791514861
401534099
857040979
597664577
77595958
26007077
523605332
784026279
648091601
242874001
597293335
894371732
191908829
133539080
522875838
963989610
810437888
480673359
854055319
39007070
393402048
605482098
887299239
601674788
744437780
856274636
203734659
216381030
141192103
634888202
757420214
184854605
91527121
553482542
318296047
28667914
347058890
715868967
461368510
814823246
793325724
173717793
872097668
321306574
824962982
1357821
280806258
58929056
63924490
435295445
8213010
385676008
331667748
595673771
521168475
783624133
418659920
265168223
649490175
302384157
843360227
89839217
543346902
36030735
255975373
556356601
988944067
113053266
8416431
365925461
132497097
856888681
290553070
278554599
210237884
192543969
621855217
954740333
93721530
293686346
608280969
904731856
667260908
918852014
846406416
928551565
569556723
35969144
211167780
939111727
540127240
639775480
106088059
249964887
951805145
86062556
739341366
560498707
647356547
606391036
566925698
827736364
631448370
600526952
542790555
69213742
187069265
318990527
221321869
314962794
775937343
889150090
405617264
738305620
625151549
620486696
80887539
436745332
122664117
138218220
41853676
922197447
285968512
209790196
982027909
928896638
797642365
422230598
844613796
720565747
945608668
988995092
518282345
246273378
335913027
894449664
56569436
238112619
734157040
862404688
402540752
499432867
53920311
155008995
179045669
237268180
992482224
278369277
353592427
942632738
114302403
985891015
482807999
300794471
919189542
438120699
283720094
397236486
318050231
137826445
344080409
938147008
656394392
601091445
57944803
665604678
497202835
619334762
467885194
130930944
194505898
246460408
907965088
82189352
212642939
138802859
445750359
322364247
805746717
945160407
192599363
736168590
354439817
483942192
723774977
900481459
216493868
58345600
151192051
64559948
541045523
35704665
345352196
216528121
566481009
577679307
669305735
376325570
86566800
730992570
672296110
451957526
726245627
518579177
432366096
410722335
66318722
272952458
393404902
252154131
111276339
365504576
674903413
256741974
489447789
208427922
521138177
888850167
465316973
552992297
197347548
581840471
959436111
956617302
256119546
416914009
935962118
561707111
435019168
994006972
293168357
883319717
276701220
772099736
979982158
80702480
835647816
101128033
689451543
934118297
903685399
640764185
802043456
255354100
152004423
442527597
967533409
128521605
132808027
20349724
91600844
489228867
997536563
396523076
391990344
76084374
263354691
585151783
699247544
155151055
212833800
62122329
29546731
471089394
732081793
555563851
570575064
111463206
977146957
819786729
265626577
632804193
866432820
731829527
196387629
498524517
970975253
965214819
207013337
735315265
614417680
4988533
35476416
84364062
121795799
773774888
543226830
586025761
8286411
475003990
665590595
835790990
834328316
570055232
718958858
93838208
103586693
128070652
252333647
218987286
310742076
266943090
851280734
96030218
914919469
86618515
311663287
923212263
271510189
276890114
118839430
521102554
212057960
841932347
535431894
66512951
530030614
488087374
501016525
134039153
608562099
904231951
887916418
974012810
56805126
55820618
416416193
606793196
900497645
785534719
279213527
853612914
263213637
720776064
527612993
840496001
770173340
903779347
535092494
294780773
464493586
811879590
819168021
221670873
198223879
185550902
923002089
708042437
193273673
862746949
948472829
854097236
439007817
592269456
239114196
341417865
155147585
752271618
558382142
83357098
547544668
671860196
747118886
855895981
723545914
647088060
145262015
811802155
643461130
399735150
88319960
959578810
326353006
766648531
391010457
231226047
936423119
423936275
529900693
339171561
529129061
2163163
913150113
307547908
948595025
839796824
725155649
31032551
810473946
958932288
261521774
702803043
160335085
276105312
489371076
992542994
460659755
740418596
901540441
513448079
388072655
965933320
53988630
343341238
381208248
514487173
557978051
812326383
933222399
932252254
148019689
381022474
958232292
566964140
739472879
859201480
533440520
250174447
365737027
533607489
345091965
52525865
787826564
198734474
702720098
176172402
680019949
526078361
994507119
567028705
513940543
751460432
273896893
10218739
480295185
920837286
524359360
841904577
766799170
901681967
861738822
585313800
971171023
989789308
383066390
7015334
114175067
835069921
85897284
997431390
207110102
381630576
263797765
114605497
294024211
16727289
184954320
221721499
20401553
875173943
717755280
665533984
590704602
261446088
820420813
196074823
661211377
18377724
573192347
421925310
168412036
605727041
954939818
115278441
864074781
138411893
574953693
413375386
259788428
168029850
565025070
593529641
863180247
426503659
654914930
584222665
118083440
652701305
871477520
77759783
651527165
293617198
885427959
306175191
424656110
367179320
424597330
105536802
395959229
451495075
92714785
944029810
83708529
466588740
880127749
576359582
622934286
761065481
264505000
186765786
688308570
136684651
783616098
793931070
366282354
588125991
590158742
922253412
692834417
646835741
238375375
487149843
1727584
76333710
675969251
779597103
200566807
498964560
421449266
812250163
200028088
302472163
809113349
801256859
568303088
493167230
135275505
3796189
69353860
34847280
657076302
635780795
501207784
273248262
350003919
508691325
530174966
953448750
657334449
27376002
332138648
890858168
935539943
932786907
728614245
163841108
300572528
677119700
310592434
272946996
178116640
607758498
345849591
822058891
691327881
6681828
520904114
621556945
533434807
412822395
124630365
832897746
900172590
101680214
351346239
924628777
634180387
835169089
182782107
706097361
992775537
737787729
929481037
152518354
409300875
411955346
35559996
209422751
967471761
982189993
799285351
945613784
475765337
646707469
361793278
388301266
484432389
125430020
297849413
62740983
12437764
953071793
222947908
879706435
877447748
97060502
79607582
748970251
613213848
855446152
873515544
964090008
118091781
661747003
265669445
912754453
762784464
882292853
691854152
440640051
58739229
263140305
902230317
503362159
523221982
967554320
571507431
849451774
605308747
120491482
265446534
514605515
946863687
125531797
196271118
567110422
404140573
751542622
663080450
968819002
837251207
611416119
176430750
986366599
667260865
588231733
746969440
234589507
602287983
428503412
428063194
193988414
633687562
787690460
785035042
997330701
556712084
654689038
716583865
885094913
995347080
58779717
243585823
374453121
622221170
26748309
109447075
127565444
278162014
47258021
105245626
817902548
714530383
736428747
224380037
692439626
810718905
865003887
419383967
264147540
969043045
126760065
236420007
742621403
274920189
428815878
902589444
706626151
37907710
552588911
566141285
951175012
745988860
150826628
84864258
789254974
587617369
653584085
564194037
255596970
278714721
463696385
701808724
772448612
126902285
32405975
25786669
731583005
529841541
931728746
646252939
459970460
10910793
821424169
524920354
896441701
594587691
887185199
482857803
735619333
377701003
270206270
938671678
108817579
711113092
645660638
634648603
633856052
657448869
162716714
955595374
590370937
356146191
288778892
241983169
34382270
151678589
565351044
805255385
52069615
436807107
946577302
417489406
865610157
848813150
135461069
19117408
532313390
355146372
238539437
798272928
488098941
438966802
325649858
226967213
537463070
710041937
496601416
921759695
951128798
653844005
638372084
300374231
592620742
11347882
160280391
329098907
925611880
250526921
394580004
896556875
337476692
704584506
927679402
807768511
162480092
794215959
525119269
654877934
300638529
361094605
61558761
452664189
125475488
836195078
707084194
750526281
507802363
350587261
653303951
423387833
123779625
60699002
549098524
103818186
355641905
135196067
22034358
676700349
580870854
689216217
160702643
695019102
329154704
846175162
202263640
218511200
497629189
280401518
791695357
208562406
425698105
722994030
714005611
507889675
315886160
344979810
307041761
886941092
119483265
706221272
480506757
87986923
558812049
805238334
517729519
425130714
200609391
279548529
575903588
150172955
449743427
994589576
311849507
179617691
238910387
989722556
758283087
542289692
149337939
795849852
371570016
227104211
238510868
738460962
124814623
973714905
353041001
978245178
901567820
950348367
946028565
407970741
683844850
243061174
35724391
332703546
674882299
247789265
590670189
562681890
546848038
415795263
157195383
802862041
900999249
122748282
507760245
28878401
512144571
278149282
364342068
505902653
66033103
185810130
249595819
693978478
956507544
127368808
684533903
360952391
892207555
96731162
766581751
279841397
867031060
486623548
225404771
848460809
925819086
875497330
828685453
782081971
930688864
150805334
227977290
435652692
52189009
853141665
276932858
841917920
907567448
956917326
158387641
818604487
409274924
144222814
505047566
53630764
653277274
507569591
685213055
193407790
166084138
76142247
164716626
11164623
816073091
311344685
334656187
500235785
386110449
702521469
989043216
367883768
61769511
991330525
259745081
439554252
749698082
435665311
678648673
160564783
232232084
610331621
508933828
868292489
800873530
51037995
33911280
811791235
471532619
142665780
867414532
703564936
929185587
607289539
739933346
525133000
273051054
522244302
309246297
33546245
215417067
713692014
293601208
805822447
693830104
916169732
827857220
605378317
642148776
358029287
374966936
456995832
159740367
910584280
202748445
652369603
269066265
296388582
96556338
61977004
316294172
401219724
567591562
682497612
471869178
391869722
247053764
135405263
389380395
362571598
629419312
31198151
888405869
245465346
708501128
635500090
188127881
13317726
811095213
835062353
677706868
41012028
82218811
992240744
372910155
633068480
939072156
822176611
856293090
90939939
490305351
206860119
589718334
246540999
397393504
77869580
902353086
144958016
389000723
326428788
184218014
961582607
909206766
601243025
703073270
106138988
573671309
164964055
556765516
470785097
533721076
87067289
756376476
332732947
746662674
387224272
593579418
850163977
689869651
583250373
431136182
439915048
631772541
266996251
375917733
703489217
466982846
349563584
482660186
667341
933115956
21871493
280371170
279552424
921667125
110059782
841288286
976071911
472474462
309897155
79635265
496768630
159448747
42841414
526649356
777696813
4863228
545594274
546357189
150516603
940930133
234334874
199028286
237965697
603529084
997670387
67035467
179724875
423389698
101497956
976907153
68144459
563016159
417260418
979707710
191737529
276277728
336726323
986896826
411706473
296954430
705526824
72416996
78463115
948471202
903929717
315583487
735159666
644310479
609837610
593845995
520835172
90975996
128646873
752492150
716231935
630680763
165681711
924738068
755895507
115369739
505745290
95962730
275715971
627158489
805192674
900345696
192857120
883763069
255559695
305921068
909272375
11747198
318004301
306901580
679451055
364716482
653685852
906660931
140962308
285023004
766067975
59358455
173287804
378316102
187057012
395770244
734668624
427274385
307590773
700318630
549877831
73767682
942740200
989728753
10602795
154850702
266017810
481847544
568069350
601020591
730344231
79944813
977217490
902318336
907622467
556681687
170761226
630892932
554783637
480935180
373337315
224848213
99279025
487425998
989941558
453216439
242639238
142980468
447569092
407581822
464246003
701746716
90151914
461971351
635804963
391152415
782649399
376950993
996694670
69086790
56852435
812864018
583052868
22141889
381468959
43682711
787815163
812145293
143376729
532307534
146528823
464989221
249884854
938243519
303216882
458922654
682626088
504028449
968967110
478080472
972734329
971283792
446894635
387789229
234176411
247690523
458985470
233140214
583306291
190090182
269183005
290606070
310179221
447559817
513225172
97810763
25325251
773213325
288493690
498945459
332168973
729496760
189597653
51747316
894470165
167216372
506624058
111572874
36244269
943661497
170455742
887666812
576125360
594532730
379290351
909959615
343871884
33259140
577544079
917490246
371304854
768041010
910001111
805464573
271147838
492957269
919502855
905160384
661073172
986115220
100809817
509738573
535167237
370066238
857378256
114656413
374268685
332347199
946070824
897080552
691524091
133154050
853376742
571663829
394897
468380675
745086890
952478433
116990259
698804341
357363923
819621952
606807730
491787571
475921873
602746475
944360959
355820206
479474997
139564350
568070325
813304890
330028683
379842864
19762772
818868623
704260937
770841989
433541636
282292387
306031818
404056098
719273368
190617244
836362894
569938777
699534662
828195150
962283167
830054235
280121126
955470021
424421721
398361103
358731022
546092764
65102392
708601472
988856564
449462954
473291396
738563826
158660908
182503722
838084455
210261224
573020169
580254641
840485219
632189627
247069287
660270294
294125798
404388135
939559091
301794579
3601570
343656332
641571643
507528596
396282439
109373399
61522795
430955944
998102669
866968124
766080407
565362918
852470191
526691537
239027069
665685953
479299289
259320262
214898097
723319831
539266778
699948140
740438500
91593017
54586310
652830883
717694415
433006982
381348070
887400789
987911317
325732280
225416975
122370756
458483493
987000711
332811210
511104300
10319821
675614345
673415193
523638947
757754284
832659106
363713966
679266670
222534552
855418203
466875976
317517740
112315264
455821380
473083643
701357618
994780902
797038548
172614443
318656674
795251899
497326300
464749679
216969271
159113583
230112598
618830726
984809420
225569255
405802270
432371216
161974110
693085241
944278342
373086140
870520453
621294510
824146916
465307631
480456471
169109947
316897265
510454428
120815865
581244340
258205705
765254077
323545176
858650099
220378047
73433161
118279312
913363723
132322754
764400056
738448969
618793964
599232616
53549794
390045987
757791091
339643951
13920951
123910940
557724022
928785567
315731730
651255485
81865322
430754670
412002264
707255679
16317154
697413342
646084293
132783491
66355156
213218534
650789970
488954310
827302116
762539427
744364767
685397353
822670144
898740379
172046944
283608703
745243643
871753693
412700917
198351305
445108539
497598470
564427578
640595018
639190423
892588712
873061644
137897910
422880204
265572723
224486265
79862903
789491201
242410924
636959645
294137165
374538350
908236503
171065871
375502971
759839646
650998888
554295419
53740878
86277746
354745062
329056116
137719170
540730143
115150777
322491208
164248205
840298469
517297670
895187334
298549476
914437909
1619610
281588421
601930245
276306858
396335588
250566967
347986975
14825324
848848192
995404679
817152548
962462422
670010798
478224735
159764902
327726096
691058932
369088880
104994617
104664389
579884013
491753886
848726353
177844325
281492939
420627664
926355029
365358946
691298607
67490257
175501409
894771306
939568697
723518830
448300816
672052139
202442931
578859394
475707897
349764637
9367363
989019242
875145774
118259174
163588659
314175448
286000698
885517329
20209632
503841877
785991405
813311398
538407361
108630142
384213684
374314735
19166674
203588230
426313513
671011475
569355280
756983863
21352521
334645347
558888470
531764388
127241506
998904165
114586458
20827054
71244796
307008369
497228393
982079990
254029058
31260508
160157695
374557377
487241064
48199419
867590649
997487719
213439428
676931447
387078512
136876444
118962179
779738962
921239495
918475554
669994002
883588106
926667968
888624662
956032373
413260819
298211046
718736362
240378865
802497385
98134285
229136272
846030554
565785681
740157415
905114627
642673797
619026619
320105918
131069959
184887897
706707405
921361039
507105178
962132370
606236377
681988098
285531067
555020365
883926144
747108410
197866898
606927570
868342021
990812573
251205063
650199592
516156410
290403829
829019646
859024205
755379029
844657518
803956005
721908749
221509265
884502239
995763426
910451077
736055386
629332917
966305557
690861690
65713071
738770974
736926972
487810011
80772874
39325557
868818197
84349377
743762867
323307261
86834271
923881421
268035063
968518010
17952605
147006462
332585859
232372231
937055758
956736757
385759586
444309589
910926426
208830373
820785985
480843595
182843667
465407228
148997937
345183629
730929793
533688154
245597618
724962017
632388221
489115561
737627688
662292372
210358287
976251881
988799007
866423891
884800440
20671111
307609062
595406120
916629783
262636392
804683441
407945677
149747764
635474405
586824870
68368303
465434983
281046605
855234150
988811182
3325029
555875645
990283634
775825036
466603185
577592154
193264319
394236121
89143510
966454114
196729078
185088602
332013468
612176239
504312158
174821589
765153405
461681366
3512790
549489581
454441404
615566776
263423789
896387058
625598905
335950901
866343708
178006561
619248634
2872162
124115040
853050464
911504299
958466689
207336957
437931030
893347380
674002223
762485290
624043804
877623039
570399620
194095951
477493422
580810127
930192967
722382027
672680192
799860212
621096676
356128151
926650961
504556607
840257861
776362336
344100842
352806703
980571212
703866925
390127823
20890821
845306768
371139707
98383010
696912248
928499101
960400260
187993812
195302489
594844484
264910369
679799316
430535660
190212982
642698495
295304582
843545643
255949027
457981222
619911377
628459185
693614480
312599810
295154338
96979764
420132699
782603603
431905317
282535877
189129485
155616731
608759652
21865301
542583376
336193633
607588132
645040786
238721998
215897249
431067778
502065106
736183894
421012947
654027366
517942638
826432546
10542121
765113466
796812932
163492495
149641724
556183776
908271877
80551402
32688466
180566565
768484284
413821984
585443673
894987746
9707936
899569019
112669339
826757604
62480608
553660208
864844731
32027320
273575167
513316857
384313412
547362848
310721284
28211410
763867313
273390391
317234380
452465891
197794968
218314753
240796325
842542572
905404985
459262977
582198723
38832306
540001700
424690070
400785789
829322791
759926975
569972571
880200524
943333347
476417020
738478530
562765515
509748502
735869793
900316891
658503060
470383928
566538432
854277833
727934632
374605012
318340407
663525231
712758989
773877727
802542968
931002206
644912847
131845630
491622310
716300383
561927473
569162147
566344702
96397395
794450848
345911188
101624647
465685467
153238976
562555721
404625439
608858153
219913248
47062968
122860640
312847828
796880368
884110577
293969486
273870094
85496419
805973410
829408856
486427199
114829038
111034389
68043097
602689147
22089415
899344117
408405807
550290689
795066368
190852164
19746816
917550270
343090066
422291335
49826981
306319804
663492896
471119109
842928739
113808751
887145002
380343388
562567411
817007493
875512567
58553308
765236457
904777343
102716415
351292175
228656468
181011013
466704897
335328639
862992559
678067955
838131062
57501372
323698395
165302695
681128824
42753229
792357040
138819365
994964236
270741962
447787929
883749174
121216363
73946305
534139251
877234261
718367008
234491431
550488005
607008483
84041441
388539868
100446996
77044452
357147778
52886856
763504173
150465719
902232435
691877710
14396604
358625020
568043676
630735817
952863232
31737480
451141006
407880283
113729613
775132374
383866735
188152205
298888549
308103443
983104509
825838894
54324360
528322459
799058516
366382445
152257600
544513237
380689737
353735519
875777219
916457876
202096705
40228868
549419946
164219804
557759104
493349657
185269264
848494785
53698437
871346561
822367614
84859934
766384877
797128237
74748027
516993155
509374057
48589767
234593869
397756195
860841652
246772396
797869437
995550695
562950858
633977118
251067
542920228
342836089
153302017
280837362
885054302
339179882
941438487
9582688
284131188
119920270
810582772
890364215
201415402
323984650
692312937
780908098
803267831
97515603
563713033
756305580
10325831
706464355
822863651
31971894
734297226
248045468
502252398
702821471
864211088
946526167
690119253
82609392
194160005
418746128
8566136
662082329
9065190
696818582
916927546
987687161
51562924
250422274
562492616
341061477
835853966
295845474
473885220
206722484
81022413
361984310
166458888
542502457
325818562
266596316
107968452
141742541
953609321
526753252
265514222
158187577
76467340
524749194
87942004
745241644
132364378
909516810
526457434
165720771
887759351
527856188
77667298
598840175
43475972
21206685
184919970
638603483
203854253
847602848
863137977
258370647
83853291
289757921
879130213
378670250
791386616
212527691
573912928
685424494
946722762
774129657
496885161
447822991
482744009
17442645
246979370
699470997
896923697
408544985
707871893
214895498
849626829
202291688
767713041
356160544
525461083
317149506
66289480
200722400
478031294
213268206
619477713
140626395
803945176
942512716
191551997
550544749
991105181
840331335
535452596
908514639
882152169
72632721
206877677
197040776
981907914
440783763
671826859
797103678
234274416
928087941
179304338
786464910
870308655
786367170
761588596
129233103
365370702
811704471
484594784
644885201
703416575
296317422
739846408
398994400
642387410
343372047
357444854
767430736
270983785
976597361
277157468
615356393
707609661
165767194
134603872
594167350
980702835
298256922
360156770
205534264
547457000
272626190
267274954
141785449
245907145
368992671
483257276
51280882
495598142
849402125
922195095
31864533
929395418
31302720
883290373
988224784
60052478
624713816
284484249
524940011
291512194
898705587
462210806
97070358
71915683
889439881
900842740
368118339
485323683
267385399
936532934
544486833
793524447
245465660
678036824
722067896
352624834
506839564
637269888
423046403
51052400
52596175
886215003
371094897
652623537
338076512
947111647
422404084
370670882
538252634
211193989
621483325
754699905
954430649
173797873
284389911
645462837
390678545
204537446
923110630
369901534
996910382
112409269
350862437
594229291
115539499
586000670
306357374
112738250
706282467
222668734
579272858
932374437
113320990
153822823
732016478
319153298
283262753
482220449
723440142
964506598
605148253
126095963
204653879
444890572
772292926
436567125
903930825
369756097
348202037
263726515
282154513
715828205
20416134
825274878
24668935
731191839
315286848
899063194
437142045
429408559
691388130
422697992
935339141
723434841
929122150
58610057
982868484
494023098
176659486
306531535
951882625
580150742
123699057
111063619
523252654
816026538
44713111
799421534
857811865
637007811
788929676
225773107
966324379
825720689
357956714
811092384
6401599
515571568
671487898
543077344
231924608
909734610
801883152
104159394
999077631
428703668
441840858
909644906
837136778
614084062
963778789
524597641
81412211
56136669
851522095
202201328
644065092
589439811
871166444
9527153
547600445
677053027
778344919
864385331
351766932
775436647
844197756
864050060
295595971
