581868375
949551570
892093825
617719783
570676861
590952012
682172033
67143848
745250223
914793037
531658727
185524301
63276124
515673509
707361519
660704273
477467184
130083115
360135501
459300427
389544982
870676624
901004984
391263428
410871413
551805455
975282812
214861801
415049681
707106261
400021139
74652729
377397558
944263173
543891890
288857226
943972991
426805982
676184457
954444281
331350219
291905297
701381430
237092105
18047655
577728600
961133957
218608089
741803635
484457796
160210644
853440753
750178996
709637360
730996748
39326499
535058932
323833578
125612713
496944848
592134605
213709727
618753295
843470504
390626322
379690053
981426633
487337859
966939731
944421706
693564315
752973296
674769112
550312198
204931284
798447428
355275863
537066760
419020665
348660699
404737954
219011693
642586199
445094042
769662697
124765652
834139712
374137488
4731999
812079354
66582947
349730558
407742214
78476914
554460840
337903276
826557937
61021385
29183658
639933124
331368869
699127629
701681824
805754881
779156235
554288707
881950111
45112474
549488634
199582623
88283783
175893190
751898217
162855213
794515703
915423520
972816356
318295042
282921754
882815035
289708341
418392968
467687190
497912446
54674168
301191785
683130409
710805900
371743662
447516522
485824242
876015194
46496159
665855824
772705551
608594450
353823782
322133923
943616923
791265525
578525451
685895250
928391998
367138936
198962232
720487689
303475472
548643752
869031333
119012813
467205815
147120724
915132682
181273648
285379761
772981104
712575109
762798416
94149328
520132535
424554874
816508835
395239582
212964982
67990902
764023802
287020382
165679134
190777509
220830110
706067194
702082375
979251924
394255910
946410507
311252267
815076426
180909614
738329731
80373645
122930863
164236709
81729089
3115174
781889450
207909262
496463562
806731623
626180179
39284800
416403924
740864380
272888347
851866740
45433020
973611338
779822947
915259134
542780703
864505851
434279844
159563860
907765105
519224648
436479548
464014401
393175052
921093481
845581598
756839791
800328722
914825668
684863432
906689267
85638031
322422384
93308709
421445804
870749986
699512756
485251291
155996520
235640323
994177059
200205009
617084304
926857272
146170797
449620988
34895279
731817727
602385716
547624907
33184918
718166012
464180106
288234098
395908146
723862136
199744344
523640091
11981808
167453753
570310194
286041291
479560673
148656662
519861099
48733666
794475939
242593167
446506414
629842835
692504730
579451086
675460352
249408412
386436192
651595809
291502276
678002049
993752242
485498837
369575636
293113292
407048646
154007543
379278049
311871317
126451882
275440211
286388854
759177870
657886983
543810405
715352159
785560312
741060455
796909638
63597099
648495945
873362812
494077018
943643671
845541348
846783459
855640178
822770429
894965501
932430113
661207519
104722778
262649632
763142158
617908944
122301654
530129774
43961285
17046727
319673717
330415408
728177086
848698482
136128418
88416369
331683126
361696536
895420284
820603128
903495737
542357116
186638352
135639165
705465403
697017501
956654043
924519923
201475425
781469143
708006274
553656575
389809633
655882066
214468178
13042606
921140562
883762248
543231935
464608564
889262129
944649533
892169628
407461190
17258940
653180133
323376173
708303114
924608344
831389152
321821028
419053382
645693007
960455061
309396555
468317239
268548435
556615363
257150050
204908476
106220150
632599306
108299408
766907932
675280175
269540757
715016338
458428781
663422239
9058959
736124929
544297198
837996297
862712046
269326115
636082691
872706307
996107947
96454547
751825121
748854475
947989987
964386320
774824625
92309240
412103004
350733792
778565716
611556767
309121866
585243039
557677687
349667225
236585617
237750770
578351350
296194056
152135220
9169547
225274952
745858960
99570221
653295368
803077549
337649241
339846177
996873920
956580799
361110287
480702814
994779670
882355301
230823736
269699698
23063500
198404156
597476948
696400449
640217347
243740039
922579371
79840564
12574110
165889626
360396442
15556225
364321641
517045011
875038586
504349566
363208447
918527375
36133916
866626889
557233089
804017513
345881191
292891945
36250689
601987686
136701949
151137612
948611744
700556228
968290394
590725856
194211970
146833439
582422718
784181811
182933975
990198425
952854250
210076373
599305875
388776530
502473367
807334732
901759092
917677380
96765251
923348204
295815389
562408407
700004961
90010896
903360566
645803652
224452038
73928966
535410802
373016823
550976620
932384072
253171197
86318709
399426744
656112274
448218970
533807557
399782692
96908648
145924067
900197484
434493320
612693722
451389103
546200917
827901940
301292303
656033940
581972396
148370563
642433215
225215641
667967682
174299095
710336004
582700369
543459426
684168031
526459881
663289529
638235883
494483005
592579480
672196812
915899264
180187897
768978077
765914354
25683388
177869544
685953023
498029396
254441831
504662254
422654493
650233299
354468678
414071791
155247920
120178674
75107976
360390606
936139743
910836411
209260356
961473211
586074345
641731637
566784323
483036817
485465068
888598179
842171283
331246640
335899704
14563445
915119479
627130768
598257474
623422904
226384818
526659826
358692895
629366603
145266047
450657678
6766408
948545742
471280556
77427558
312244706
268962829
640992585
128810751
2070520
242439341
840968572
611968575
636037101
423822777
219867298
326376904
449536639
661175333
225004883
911384147
579136209
484739493
727212486
967129574
608028851
316985735
207208267
407470181
70133417
860834440
354867609
960159646
788924585
708967071
370422269
152799267
794883777
397393638
233099968
648116290
197744733
930184198
276112738
882835361
399028474
580377881
724669785
34833703
513855723
788573381
382954774
39326448
510063085
436637082
882149798
442620892
676772389
531510312
691991478
277175132
220432303
681223056
36937990
373947593
313881631
632882958
897462727
349910441
546635695
195314851
331900898
633057541
835142730
509814743
83304320
828541043
457808731
289939577
319914934
812111557
395206348
547634932
529584550
532550847
558408200
991762048
153843189
637093903
531730871
577694136
528971250
267062293
318977335
183494918
157137352
819200551
356397655
283316469
719221140
868603934
640955970
574235207
187013494
567856292
494673995
92609183
196726369
841752117
994243924
149001498
302270985
128753554
717768168
677410677
545027899
367825384
128372278
415880806
634102278
682735102
625559729
222673783
120192129
545473764
727763383
240981331
248579116
180580760
651905183
918545187
244406071
433318951
50954442
446717507
664863838
158224274
830045069
995561958
853095660
88850564
652505519
705436615
887088134
832658154
627425079
145646040
959525189
890040691
357469622
490187081
460122473
841172824
845643244
821135190
327902092
258301073
811031461
416363210
73126917
835621816
405006218
55757755
302884439
293530065
886871013
962929030
928713261
357785739
355301086
381298610
807975588
480917641
466971873
374214474
233142646
197788271
521609007
2020496
277034503
860959470
488444326
37738730
950590488
157425136
16300110
820524548
657072159
408156087
476467798
424166318
182382046
208037292
936395637
343621935
71610578
129635445
745100286
275001195
154808064
498095111
573971701
492966718
708566012
260808059
782986814
720224036
935952935
562865964
390283716
423101379
138038329
989348900
896747285
174247387
96435349
709104707
208435226
65264161
218040560
804765299
146651517
929980596
81553036
917360235
127823541
156486352
999167152
668436253
569420011
295889511
200643215
139613190
241721047
805294768
231159016
338172889
302434
100515007
990665167
146256678
828298868
881446864
384438157
455620081
162295862
549643692
397244251
850549669
423455051
970586305
542463695
427236298
584635
406467740
968061852
242914376
329111307
792103662
970906362
498111261
492813421
756057834
566967994
943388422
830575178
91081939
658686251
87386503
932279624
980687656
130662158
814661223
329214864
668894853
142996810
426354630
25674284
96424718
379669305
829524223
316164185
880706214
979455411
335464496
168422047
175719186
585322832
542453680
111755330
125810240
522528615
275162946
294533528
472807396
297825279
880238073
442245346
503743274
22784341
742185388
385520285
548269897
934569300
367804155
646185538
815545895
720119793
618123986
715707747
789972416
31163492
681180166
189920530
551974954
786614331
137969070
182525004
948021502
824850534
680556733
529578789
818480657
873127929
48611311
459833855
277633121
462224719
823531618
822016990
558854540
358440597
934554961
895682995
311163947
386763617
581592814
607231395
581989294
27128755
901932851
100605389
706541892
661191816
210743385
612696649
453041099
337539557
303438016
738226822
106757831
865811023
428530254
354830319
930153872
748763721
956940390
788421161
878624866
432292836
737792031
579288576
778957154
773556185
53353763
692583320
765993792
471900528
606699151
703887198
643263309
411537756
653934261
666777942
335020635
826214323
699865620
434547316
111067877
107578290
142577932
852755406
609825448
590851861
611600250
463223187
643916896
139107909
614036558
649477297
514657055
63004075
997105482
981155814
667054972
817822159
902001028
895499503
284010171
225905402
158671661
758954476
726019311
583674986
144181329
505972500
226101811
130417134
768738188
837272822
510188653
587456198
403393746
231553718
698538709
274078178
109931339
760593504
339894041
702340161
349472625
27650369
608389750
659410691
875449995
607309224
273109676
923541333
599604334
281001019
648424645
666409134
220324649
331604605
407962128
369295834
384135308
169580008
671141751
576368991
772651703
339781398
383404517
321505976
989551497
531827788
391179043
435866381
932434056
701917617
401834786
983782804
654166103
132618071
404226845
139457285
719528861
213655950
811564730
922228342
328450376
543299450
788450805
683260083
798122979
380957620
585765948
414351097
717794565
147424290
400182982
928393718
220213113
386026528
384464873
209837271
211453912
816305650
944363731
306761703
526536028
302018825
862739199
295086765
480911299
143814486
980300345
403906543
939648654
695063428
56949962
749607746
259287643
387706346
99320664
997556540
164519811
612815614
679990896
32549668
177960008
363505519
196493152
138542811
435068077
524465091
364213217
135190248
372577937
597888807
124625819
165684140
764651850
681327886
274059935
40116390
727005783
968384704
132124523
67357330
635972932
489797410
864577383
195386019
335531043
437501143
34881298
265541038
562169285
513494881
91484058
347595725
616972840
191038555
260798991
158614442
443918590
89221291
18237032
482073599
835956696
838561214
254400514
121485513
225666809
704989596
544633084
466340765
764987564
735831307
953730612
394969244
682471625
107752154
8158102
932465195
123848281
8154783
224289272
453109191
426207590
586897994
27122018
576440840
955579653
586309049
111761259
518707123
280180553
611715868
129705344
948854009
573302666
867947688
436494844
172907654
58722220
903182772
187847651
848314415
468586372
249004242
673217111
601909919
415907768
706583816
475771092
346047189
880369131
543091196
78592328
669294466
53061597
671273064
159915447
951178281
461369674
884560752
348500794
787234818
869372174
810748640
503050734
632632534
838449456
765579818
957312868
456645123
269916954
558595933
714976896
241536535
454722492
676195613
543820939
494904924
721261053
635207614
931961455
438156723
872547185
650999382
987919535
765340512
25014564
972337197
629602768
916998041
872281184
289300750
842236258
96419626
254145977
611293074
138388589
638504214
552144559
67364284
75671814
875286134
820455064
932439450
873727499
331653269
237251492
690985447
880896880
640693114
815691013
442021617
101263342
407355837
686589022
39375284
127310049
445146332
982755710
487039523
335001122
890066000
237145029
131068919
112733437
606167567
181143347
987988963
376604756
679600936
864947684
451260138
58786346
914280638
239302094
495878958
725688614
32318923
519969758
607703950
392812994
680647466
402978977
64034859
481415308
487217786
950824346
246618686
452236891
498685154
384294922
936068934
272563392
537844086
556150406
590430546
80699424
917749390
850942821
969940567
895426935
649565381
582563975
58277916
694258998
289113482
806958305
779597635
472834427
661102260
605200452
961750388
225605604
283492745
344685003
262169108
358270268
270065505
792928901
127174592
353567802
984890316
238441473
879826667
927196368
280389043
717163958
492460010
462963462
216083428
319301973
251011580
595883583
609715607
420735646
119752765
733827759
906532497
610371164
717253562
174604021
453432159
190966439
709729215
289870801
657954154
195229914
793458531
783833586
392138206
644300516
626504547
765578619
215398174
482379891
273993842
963298563
500017617
200466576
444168655
333878995
342942633
187030933
240714355
486493389
81020234
603499987
893976974
577493525
776125186
831131630
293189215
410061077
600175725
593376387
481440500
797409223
860660355
767303228
337389174
55843762
133508870
756500383
927103635
364012816
454491236
380888487
532772086
231505114
362721382
961753244
859339129
952429791
660112172
429246076
664143680
39039991
624557725
60046417
816408381
604613710
756057433
40978518
550555710
455851607
77970259
561754809
603796038
925243791
571633447
53001098
332039521
691639361
897500448
185231797
9716038
537692753
670614964
914729912
472901938
67993893
647214956
560577897
770638048
138779078
22792326
400095981
913390921
87417686
222152457
46322220
934362205
894485866
895153428
506750346
614919399
683065404
147168502
980025274
729831906
228495543
442807392
423812641
581892583
702328425
712027860
700970292
295240588
757814617
131280451
566749302
664770859
859675677
240236487
477785030
292585839
102872295
597254093
385003700
96186262
59170472
816327959
236437851
275349490
441741554
741423621
747446089
984656785
901227830
669720641
369438307
417659822
921573230
289039202
333610793
111070660
212473460
404853535
883157860
458296516
313077763
78759534
731341225
173828706
158999010
45991347
862502716
306171564
602380034
982104546
668284673
223479546
43224779
62549737
790262474
100406404
33086937
842081615
762755531
920681024
733523449
556004847
754325957
116109533
231653502
519965466
855476417
644150920
950295665
428551708
715745425
532504970
272179809
687129064
114779839
279965509
561910930
871977938
724315713
303353166
113656545
723647028
425375907
976496953
770142578
921722664
267166178
535796099
100753374
801411856
674516902
426043557
453741241
433935647
739467468
374726889
628710283
935775725
498533909
554569693
492473681
930135820
140535436
506591054
627288749
135841930
696190363
489581731
638945434
347003270
190487235
76761959
470082837
466289057
115347326
478009446
931042777
33213249
273270730
245193386
695065390
361899870
273258761
568286629
51309085
14670099
253712040
886678671
822707621
545495041
55123105
861820372
456804083
333607266
610621826
809259745
840602415
5920607
41849528
268685320
613102425
195245431
804942082
312917849
299286240
237709408
605580490
37699740
896979805
569724936
211291913
514236920
859630257
942383891
972740866
890414010
23445573
443181438
62605065
718215179
95218602
799147059
204699166
386816755
457108760
231986366
813212302
214795881
983143733
936366746
681039413
658846589
434283045
324748772
393426158
566300562
485651053
758699363
506336448
414109445
92422894
702160976
485279239
713974663
186775530
991598651
512069047
229550291
627200485
247084827
689500753
905191616
549144055
65001704
91366209
465494700
217441521
461300738
489893467
339207205
56541486
967175843
492189563
97497248
165686904
396200177
206224829
167150010
121344700
202204143
450620902
762793467
346273470
931130328
431202617
781973750
394630084
40413284
187874175
494809931
511635987
419265286
517853675
205652879
54338542
128697129
612121990
39600783
777385946
384339598
932039749
964764573
777118475
488607175
979228473
101918045
767093323
550194298
137607168
694975096
355178390
608679509
312540634
794141987
641870288
665080178
839277739
276402605
79353837
129318494
14438124
761463877
840284990
785297599
697070857
593442908
307942534
206033036
19478500
297211699
200143194
598046160
76560992
469074690
899751663
628047147
828826337
941445774
886802148
207235409
473707684
767617135
496421521
847393216
622793972
512501059
73778007
953874612
302550534
288900099
373551782
717506730
851975988
436146812
301314194
739815291
47240067
257886349
729338211
15877816
84220689
645624642
241994889
379734951
748790214
723790366
785578344
695942330
210503380
400821397
815730159
860499424
23015379
771316086
696209751
403785602
782330538
929180284
643492830
508555173
726193774
292258773
64909423
786914334
368067937
861246351
868665590
863789942
528174263
560588588
665095098
673788040
870644781
557299248
203049678
623324988
408862723
287663917
4150491
560888452
839590910
292278160
488685789
828008690
811883016
801518575
897901817
298064738
614929739
317504802
378253082
725629491
666016432
246828380
491203075
831766677
598066917
712088654
924295067
249641852
843739340
774935475
103426174
621145530
637424573
497394931
220338707
28723586
609900587
100341075
437196930
901962752
61136756
231745246
805478665
483059027
242505097
164564121
866774700
853207056
62820358
83495312
2508206
399867139
269041398
359169787
657095431
995783544
656682859
803601371
495225065
284486484
299755305
46545580
23029403
932106147
261551223
966442853
106693196
136018570
970060090
121567658
299879879
486845601
852420601
739643902
191172945
125948010
927869542
55889418
254392723
372161543
455769318
495176644
804706963
552622010
987363035
319788314
73934438
991832022
183401535
414596255
724077527
384994223
298690468
252061138
977962263
980938234
50926963
904896386
898344696
436123501
247509395
168622602
890101921
625511560
915868509
419467136
7563203
478245101
900944146
206793641
683582714
810847356
471273754
418310679
289968284
829230526
151134731
332855620
823858359
201350467
640994616
148448182
52368610
747423878
279611577
203423029
211789878
960282999
149183637
209490918
825229236
364841316
278225846
476465277
488735470
151643661
711467202
840785484
747890747
686315107
3342783
978582585
942989706
474646970
846340773
899548562
90623338
938716571
988201037
842497344
449259677
385597120
334497895
560164010
244266804
88309564
946161739
281058936
159696789
354736159
742796290
999431
776278832
638099927
204291043
753885214
300028661
251244276
30587277
423782641
831365339
796039938
312815485
18912070
610248240
370722938
614759402
259030339
828833037
94425377
154484906
591828071
832961566
638986937
142768457
666029577
512327992
832206445
503874268
942705538
583584352
988997726
871114386
399526731
378183012
498547895
523814193
64366696
942401642
156327468
485891329
691138837
662566745
434490635
235073143
907862799
638657388
59400461
449497055
792588983
72570340
682234173
322033629
607342296
442208936
882584646
205069374
910194462
828448251
30030914
763100331
348637886
269683301
518796756
568605463
717646112
230785491
654087446
476433077
665139338
303537637
606010405
55321400
315972398
411415588
971034270
277016119
506225152
410119707
947192481
581250262
285000412
169501567
824103822
786295270
908554296
814682405
844131009
64332325
331161365
359807146
460152333
969392809
470733098
149329775
563427284
407522579
270601577
456482501
327116730
567091587
862361425
996253602
108511332
665469410
840103545
329629187
258385903
539615937
893540313
622060556
513837706
199191827
442925260
10681538
751591543
282095406
901397313
610434089
364114994
629179291
98829423
549235186
771686854
900391408
458258702
37169717
986221373
325968952
462392136
370525389
695952275
282154237
966642494
252101727
899194079
940787311
408282982
535242707
998807809
384575739
319416935
5572336
774653794
128140729
780986889
783790102
114212141
763926785
364244918
487405985
73133853
795528220
813526347
166702856
99147778
939844860
254899130
966743029
710478955
637836978
736097061
367409735
235437757
382379640
162386579
985804339
489177914
108866150
604880015
683295222
998812401
839587606
201460094
980523815
4587749
940109879
873963606
619859700
598140140
768201685
63733274
950611062
222852570
627825190
679900674
585021435
533173162
646142151
356009295
430903494
600160111
816680684
462681080
950682202
126036171
142941723
817150638
380219963
464267442
133157416
710018399
437478522
42462035
682907734
917062266
366430947
45797384
165264635
829634965
27930199
33317366
801309548
305884238
657661766
405906776
296316699
513781829
758723329
947119845
515511954
575033908
282466011
594992034
439915488
939743294
758595410
38036032
732711705
327293018
244548032
83906952
765340353
13636006
967403348
941965292
791130230
193471863
734821900
419070367
286395295
253775768
307928558
443214009
283394987
798154786
639047287
808937669
81590146
352746648
853718066
889143231
639067041
360444981
778349829
780521141
372469128
668350418
517466754
347562338
791727214
709946822
539127682
792158740
445320009
573450774
897552472
293447571
311021224
840130076
556694826
731462109
957561354
734141904
858772253
280329694
392503672
700990422
649926727
783048172
952136560
729167666
323569710
716642923
650532408
356463238
211935579
257138341
98413457
556388963
682821100
968928978
394487293
469054970
209243670
263535743
382797746
940257698
627046047
913956072
538714401
560338161
9969590
120157983
648161759
887720140
413612862
532228020
636960735
57084226
48672117
401294199
949122195
65577914
371332788
372708636
135588948
390363543
734374147
714064973
858830959
677953820
555518785
34767538
996942847
152698343
716782868
975204800
310588705
917095845
359292948
564729972
363104663
132719407
212741516
153698463
224375473
694610976
820546716
402800070
315929384
542124723
795864302
803553469
909460373
56606151
410247954
833820535
83574941
295561323
414296382
625604784
109687051
660086385
322828099
109059512
746748312
765261763
767408289
805806664
252222359
498015227
560552230
253427457
588769957
906155425
72695916
521887747
473737025
378101739
178221862
274345720
786242028
132095579
60643094
834367178
20807397
747020603
981107860
533834359
25376702
145120143
551840991
316212839
722935502
922334361
304837896
872141415
977024449
785378069
855767963
729612267
630335726
512794068
344758339
912111278
810984814
407796273
872774859
850765396
163773384
86452726
886067856
975893844
431698091
667774925
768715137
778807750
980003912
240127941
798190408
157011392
743143457
181769986
281737035
829529165
197490165
177242621
365766615
491600444
677940097
740609186
697877487
683894090
848397783
123351247
840842394
275354202
696337818
809261431
494120859
227606604
190236128
986479980
311181121
839259615
460414487
19609677
20890189
186349508
63674172
740980813
549263714
579735828
847236152
413205942
434129488
70611996
706363822
818324414
356251705
862381628
175705365
505719837
173103641
550993180
572807332
735179592
353593181
624259354
36772522
586198349
37694310
29550392
181738563
483623971
6989814
795691936
917970183
91579523
34870846
111307316
973647744
65520717
527596493
810280239
60273235
233124377
66643456
811296822
381470743
783027781
25076386
655931950
757004224
338915958
106938812
719635136
423667640
788098008
743842983
555648285
365411217
523074554
642003639
34074765
987273651
259223232
423177000
186444347
521724372
582326164
432935918
325709883
369185672
9735405
750796415
389418486
575376912
178363796
136247644
294881289
368034847
549610798
287959009
817629845
883524029
983144607
557381098
513647574
165430678
736675146
227639841
241816788
750967950
933979846
983392985
153062486
836022322
921317035
539648483
116997390
361533440
307281821
461207865
900153762
687320813
83022063
496153706
859628103
614974462
464638557
729016409
798863297
888737867
449911702
734784454
524888692
795524861
860940988
676543503
716175577
596746853
331891069
23142719
149808258
308309374
833003614
682476528
875590320
984492748
167180200
832639777
109670503
84948095
86891907
309908467
536550253
167620147
59284789
107400181
834879814
991403540
168097977
518440294
934588318
95275264
848305419
462321675
289827144
722626295
777028380
79726273
258501535
276245085
48627995
193182779
277181727
642307554
977553682
636660182
365505659
418276251
342970606
211789415
594838915
64597890
763468447
446380469
69383399
759772624
382711535
192256938
786514121
223445073
98162134
520889100
97682225
21627601
43921035
548774826
655022109
171806307
560472389
742216137
634156011
202574361
620303108
925657730
367077820
373773369
413579972
960513007
745905641
102286654
671551405
763452404
72356615
857288468
783040545
419314862
897597334
157729887
523846454
478523931
989755293
864599729
886725943
766852811
136523858
563761354
566659080
538003577
748762348
682967021
405617558
234900761
615452346
510430666
541558548
494723273
139978764
728653250
477148282
416350062
272763124
43686270
964763865
174432448
901106574
826774289
750412982
422108580
665242433
866507604
276770437
284122843
660851137
999333723
951184809
331001861
662821686
401763355
160514572
452177210
416946595
43360192
635141072
784927217
805595896
337204649
400105851
434304728
992532135
683270991
439144570
989814511
623541864
507550527
681864198
965575329
734269757
502223740
917795405
802868692
601237931
962881629
285729385
433970956
692862541
102991216
304156301
785850596
974449483
206326590
808203282
206619177
756460133
976725091
423483314
179737016
93821584
351806237
853574398
835739851
302093695
306351902
368662005
126948998
147034031
260487003
310243101
204891453
904529732
86574131
400150462
314017081
313868839
114397448
593292737
438720356
723289740
456661788
303735444
423417134
309077253
532754807
323206377
383564326
708667577
47328306
582578667
412336231
668258267
201343698
243879012
985492900
678313081
418022892
233640939
453598897
114101415
790767625
638260226
726030077
559394220
686397550
137186123
618227477
352308160
998891023
623750664
471191527
747655440
627584924
500576657
947560758
860527114
376095833
963185878
331439698
173117802
304875226
224930795
946261186
148803117
684296355
95594949
229291462
730163012
458016530
904702111
975460638
59880423
796786618
609967878
135507495
770297335
98502339
2255587
146088650
637783760
911203206
769779778
853894684
522406337
385215873
393567651
486752479
399970165
236335838
81464911
395920505
509410895
526018723
678162985
327421826
951490768
21703004
63059845
56234869
711458808
39907629
128953450
921587915
443044392
511016799
125545385
470031647
936817042
873186717
513075843
71563051
492648817
892883989
686468803
619561911
699479408
199010974
799033395
500851277
605501049
940810952
945834273
937925920
322573940
821144926
61303028
618844948
671806307
870461560
416811472
898444529
177520421
863281753
387456401
783828723
555446728
929230209
73684996
181387936
413232465
393718255
460971457
42724210
814739037
506075103
994010833
86062632
836164231
685910127
667718761
684646451
72681486
913579983
619432727
420541308
325869990
511286330
653579104
282905894
159650686
552129360
50403260
135293905
492025455
987810211
590207833
54257723
731824913
94059374
246189109
530228784
380724323
589971556
784763181
688588431
907594573
66939986
460019211
758406272
247467145
683700677
504333710
196338543
444434610
567932404
189299688
269964957
885140928
79465904
360271453
83652326
19262541
448305873
294639835
858579390
373522047
161872126
5099864
417832806
66990868
996920481
127528550
862792335
560553845
427939180
766084981
538833065
56330982
475006448
583145662
391890208
933127310
804340958
372780114
775254708
189555757
695436670
978836690
586978428
112277611
928893310
61095190
612736568
881628464
530379522
232988030
857204785
760922589
897447772
203583761
188581714
948693109
760833985
911708151
203691884
894994873
187026239
428806229
513055288
358949537
796141866
111565828
945125226
211409303
87444559
42020384
937782675
734183533
606038629
375701626
54086534
346608065
321078276
359276356
625303022
630726429
531480879
21978187
297917359
67867081
58747763
542714973
407983031
587152481
27996639
379869804
767869821
933538112
853584888
753908030
12296674
45409361
902985794
252810062
156213239
487739303
236069412
468127701
608648341
802600068
342111227
123125233
556361122
220119731
84433743
107743965
199686194
27816700
1327938
837178094
382113294
798045232
183145540
744709409
765737003
898308555
826039740
45936297
471972603
412126519
482471680
710834253
609674725
293502337
537543254
655465743
908152204
341430034
62043614
709121360
666244504
132547312
477909988
556661581
147891889
331965669
32093112
985613510
434616930
18993605
9066787
53885864
773975948
510917292
230364481
38601850
556308818
485411225
368108684
757260124
320092972
12432829
253581678
701822415
190148468
748925677
278076580
690412956
90686119
632361059
656886866
326891555
461988184
593356550
684230764
385700826
785658882
359083666
424609481
472291085
284610652
897188416
715045475
868738690
371523785
743821536
373072612
457976689
830578193
648798155
742331786
715975398
229305546
950296725
788682668
82497653
745972156
117853014
407088358
675649101
808345094
962487357
804157187
141198588
463529589
980716981
461152672
387397940
274101375
425892219
418586347
214965697
968165251
897544782
111895741
94231468
159083203
611751127
763898822
428462156
812656502
538326126
248147753
231782448
841948872
275869038
678651532
723570562
943671832
975576712
287721201
881527938
849219914
417005339
952354202
103321091
676837754
795822539
868762388
444602873
407401814
135435570
945268700
924220841
89402286
433304555
360942622
43182967
849156515
585038132
915323490
429787853
570934463
372533800
244595426
198418523
906106030
66637923
437116891
776690388
12300180
165316097
918449890
594713791
516226802
109234530
193229228
647225222
834191173
768102220
225011668
795923942
946414103
630879618
168528288
895430754
150525377
245926569
321085661
290829575
8617418
812272411
236225501
560538960
480504504
803754667
333598430
577061402
364578639
970147554
812776176
677135705
847721343
446534944
351458541
529325038
910803374
785973961
393381281
658739366
347798411
100228903
734484864
38203537
667717839
398341205
665322618
439002080
638161618
457775879
182884916
912554494
68710039
528304051
520425737
56581677
525884671
512225086
659112500
499693018
963714898
556117067
684309326
879269260
974326601
636786538
712052800
137613244
974444574
507716453
86440622
684934055
115189111
58825211
513860088
10918684
143680746
623571335
733582710
367614169
998197824
531424509
120086890
32058681
228466665
540168027
825855144
342743262
464090253
292712787
755697878
144517970
70017434
742011675
831658319
403257243
989774233
822326517
110177389
79348835
66759076
798948126
918466414
165011019
557085517
859988643
30275266
372057681
818486569
938020178
885412017
734199512
534781536
749375364
398289513
250812581
119652302
471917135
595523402
198354265
408887477
431290787
853008555
410352414
917487337
3629665
528881808
377645481
508252727
992998877
637807781
226794196
982481504
661085148
475632997
407917293
216052404
621721900
182237802
1288317
810078928
387912250
159445216
88105856
261395881
656847773
24311233
47117905
260436341
304850805
788114691
972866748
461365009
496833482
223590945
969486266
687772487
123583444
706276721
708850754
133608791
925225999
471574346
972053954
428161961
318311456
762745730
85764702
240090334
699209718
732472581
926363326
640475443
860995919
934003325
671475927
913710569
607247611
179563644
157552694
983521877
572318542
22104785
610033123
308901341
987123144
600014095
798661887
485806845
251598372
963579410
74354105
695927929
438992124
594334784
962648663
464816190
94357680
450789638
518899916
410183922
220900146
893379752
141756315
467587620
410178553
480140580
12031770
461276842
767088261
974089307
688528284
363727046
161202421
839158688
298307709
106807096
984639157
372973928
166785995
931901614
963592993
820664501
2750302
836697193
23372619
490177107
539462803
750408480
913981219
351680870
728089739
961427130
136893753
79168861
238399557
499646180
260417548
370298770
183245785
654284422
404845945
68914334
977959823
558556485
958224846
462376210
947106176
93747599
116512739
216406064
657306759
136620856
450916219
563110606
570183911
518000357
40072711
279347110
943817722
264402284
936491974
20976142
534912325
761724135
825454047
117771962
179775129
920826797
908057544
889426477
618233865
426042655
3154666
561198933
531519092
377721967
330068375
252080505
938494814
28991879
516122741
369640560
454312215
202356309
217705289
317734803
508063287
19455772
324219627
472268095
554245915
209082999
84217862
134454547
968887971
569622288
519437490
430733361
784520090
254633405
705024365
698270892
366325756
576764417
308653317
392189191
503873712
673634444
501265478
241749232
277803273
863010471
325910487
610875994
981877573
53062363
106933449
855281174
248815731
392450609
193138894
221969939
882538370
311791460
482937672
135776510
369782781
52267448
237107971
122086937
431231363
453452648
247829108
78657378
169558288
323882828
863366621
914332269
364330775
27251624
463007630
515137034
994193872
509626250
569215857
236793079
786425662
295744613
858136002
5310351
385683634
772934630
597812854
285594663
152806039
250039791
132641488
863664359
725475557
535650317
673665292
915375317
579354222
792920608
332448506
644803879
25101946
294405866
276755119
197754522
15972370
190253174
956292316
64242554
141716737
142841365
455481918
729432890
407965769
597073549
949703254
816595945
929014017
930159726
999806854
497582349
45327268
26495642
305971596
524680257
378917621
685258341
127185006
711271934
799269529
137378127
829488779
926953956
652834616
305830498
241129482
630940338
49796878
840559065
543384284
547148519
918865727
158886485
276438211
685120592
748620580
782285979
740624579
387819395
726648795
744108656
854592969
967838861
716656364
330975708
108673544
704271046
84120117
807289851
907474591
277602616
452311292
202651013
848592236
868486294
573031247
30288680
60763321
652541276
186548629
426570602
800137240
361853802
459779111
459834695
289519896
359956115
602153200
271843401
158590434
411736082
624319701
189383508
480071279
595450037
36396030
244798416
897054401
520613727
827011858
866885817
607860868
996829972
789908957
367197186
204736487
723758692
529268467
330917930
62205806
756196349
95027024
247166655
74490498
356152774
990167532
350029063
959611714
823760220
273747528
55779946
133470006
457941314
175459457
617904848
353907110
347621493
633080661
608023498
23159911
154545149
131899793
747018882
698416607
927232412
39317643
812110677
73488884
602080570
525489401
785589097
530087296
815908093
794859217
398418386
349093394
938056787
862005053
444969171
867348061
459799019
190694194
364476693
501648284
432437777
406959489
586470576
699155782
430014643
843591324
161728778
568613047
206607470
753228559
15729500
393278918
386300724
677222344
233411546
832938946
397667863
707743567
434397206
611555201
550630381
452001366
692909328
690800389
656999227
97425451
169040589
528742197
810953797
666748158
436005031
573740673
196429425
541247547
336163432
296226933
516960143
447601608
607828779
506118580
124339544
961763320
362540270
256116089
33472325
190373539
544904261
819655696
531273092
386474222
995846472
432330630
903072191
640533775
996051350
333820946
935412233
563694232
100044011
458786901
903760121
502957706
218773057
929977003
784647663
908477109
107471677
629680744
193784456
841766426
570152491
390885740
411939296
607192599
906025898
686753185
240155437
950956156
678031156
311930826
49967917
886943610
208097800
9535390
565798988
446843569
332064141
58944246
643225009
343200384
241131024
503454798
584063699
547068752
628567582
846027259
28238075
116137303
375759421
90426110
600883144
764826433
464678334
877288054
203187444
949679951
478436928
74184860
187646093
428989028
654119953
702437719
275238197
307426115
103921375
431152403
565788330
675361742
829023259
657865706
589174832
277914570
136730237
976405714
396462564
715567220
963099691
404410387
740559990
604974129
776704650
574005384
435453422
527931204
719654683
472202076
191852230
520867762
220926099
716975566
784583888
612702257
783922407
940609488
640303374
803315223
903787965
978878164
754869017
564110828
37743573
556753864
208644340
803272322
310583666
199329584
88399535
288169454
673181202
177938619
111582408
523028483
179693838
980519839
744914440
638952523
206844137
575947510
6039306
470790661
253753729
29531463
645530912
421013190
575141364
237066779
891031955
757388463
973024324
667549500
330738629
539030432
225066030
834550083
232842012
461413014
298659989
990991724
419177448
516549750
117059162
648710763
274735336
564228953
381561995
185710475
662406952
438427138
206081244
44266457
391443928
38451789
697741309
955777966
824390416
501514249
180503590
52234231
546977434
157244787
101423480
865413343
375975742
483516637
588236870
589177670
399713483
427956566
735198703
202051697
845852076
496916424
226564118
917112808
853503788
304387197
622978873
188312039
987135214
223610839
325794330
921570203
129740882
967484877
846466470
43708437
586447223
465602773
562295144
355218727
464266966
282565642
216741440
495826695
704787543
991043795
719893714
169204203
682587767
110593084
368277059
196626831
677037488
650879647
111932030
344696674
627589190
959201019
336233044
738667737
907665781
945684919
31751405
695397276
911084595
816404757
108814856
869345011
51022509
262888585
861927968
989476485
997727208
401325124
944960095
707286707
100758408
47698527
637045139
800370821
70228759
97729233
727150573
37940168
936477061
431222295
442097608
393224831
522787874
726347829
857241138
993465619
427847773
520743246
473384251
87875186
107995377
592517689
867168973
719878412
204889819
184750583
273028777
611784920
152098819
129397006
948898805
125013211
172836821
374938938
335095890
500409248
60007264
133056165
711485046
430535768
982596085
434606511
382619313
702624992
478992324
248677882
852253331
82093886
954922717
88207769
263384418
57545806
522203559
583132379
104074847
361080375
208885820
22538369
432296098
575477421
397939101
570030951
930199806
600131656
99924314
168226395
741795817
273009612
514273503
30800609
891873057
899579068
534194871
154678771
402616964
721314933
773309676
147715774
428288810
495084129
749052087
445311788
226681126
279279995
473557336
379717576
76360297
362306284
377241544
167828775
350973254
530733892
479386965
92157253
668582874
308477696
61719651
84051700
934874883
943932845
470647654
716912593
845985387
999029646
14370476
683788930
380310038
888923853
790635351
79038075
710479943
502961223
734708993
666155769
281769662
800995425
951884239
236312452
466967829
577978536
436831949
214032337
578593640
50071984
525678026
96578349
624093162
916614348
407940096
139506904
275540303
170864396
390716230
835078783
84138972
711189551
554860642
420322819
990310050
235018952
665765156
561447522
601365084
332105544
223933136
391198178
451291098
276746317
817402666
817518448
398838316
221430441
871403879
150923212
723567220
925061980
905795268
988469325
785692402
430177367
347592508
529447820
671177610
327154223
769785260
647520373
63056727
572139700
541496473
562647392
345787337
427328390
127198728
704838193
668047018
306067714
342850639
227312379
970138967
175920869
424024734
496597053
554419187
813244870
893075757
15037402
966357764
208093
704197154
483336591
123269954
553640153
386090806
791200373
169717651
484808324
851002186
200948488
738685903
630371533
776827416
804805516
248089353
646877037
380088947
357753982
122299034
236578406
330004224
505560970
859283059
282418586
945230460
580281515
853597960
75304803
529922518
64786362
687263777
822066650
168121865
656050303
131829822
667003637
271953872
850741830
313782275
673740130
932685654
483401341
261693384
483113190
441597883
652761062
342570482
286809067
902837922
921969854
176369347
515346798
6708721
226482960
676834522
921433201
86539274
11070162
117848257
727514878
478050364
461327652
401273233
569031932
813621540
362680112
57189008
691291998
691151
338319453
875921092
575565034
17349479
264975149
284800367
69532666
31090461
588977097
219159170
554600601
400767773
35429976
556761820
451831792
62023157
388869549
628700398
119355259
971872492
605505068
345753978
879943294
199046243
905676922
930137570
772142774
668000137
19723031
569812908
760252456
705605469
633777614
691369717
102562126
533758174
938804155
687820583
858507088
816343348
352647500
45270035
704953051
879318228
109216031
200263662
771424906
556961463
568383164
904265108
788481819
157151584
479480760
388350207
915009005
427303980
816162404
615582755
791342334
820357714
421511597
663115999
750205453
399049918
797817584
616552750
880451813
329495947
403670202
408154499
201513990
112973480
476826381
478512112
103706558
812747276
30018597
260614808
178282056
752248190
911568298
680008980
422734852
626538531
247562309
750373155
385677690
237115322
80128086
567969783
229555646
151842253
715587999
700828941
832386082
249412824
927062146
767936791
571413955
457934306
829604052
194486557
540112568
33969628
217737712
667222923
109909223
545031490
436637910
886696715
202275056
82635232
568730440
626653897
75712282
768337015
43507700
353207529
924725425
134865758
433646179
418283386
379752336
757695876
973016795
595494727
526620732
571646417
875993630
439779294
640081651
651883040
855570445
230428827
422162720
759599639
885268066
976396734
267125563
207354305
291544006
558934666
48751278
953572235
375896560
603337481
913081146
678396544
535256295
156826796
4405402
591247342
804480946
754571210
619142174
293226438
117401544
903534062
47150131
476493980
538650392
415733416
91008525
311314582
68484968
748272473
822095102
244268604
224416910
347739338
73401961
280580710
851356340
78049869
30309963
992296222
903041859
985725635
633726992
486918713
887843595
10866740
404239661
834758061
438048106
131639229
959091496
984311870
985169690
780908898
788254702
467624218
707450392
624263758
832838858
91008213
381073721
317533358
826438539
496733524
94861564
52849318
103205376
373314337
53784284
49314465
206509630
494076684
805710677
767556113
481402716
855324545
71780271
575143181
957301959
244199809
822749424
260189144
10828593
610580914
758692224
443434829
838973201
931164859
321840830
2857056
730956904
252548430
896126392
472290153
472908776
581648196
478693709
425782416
57420744
97767678
251386000
497502927
721035362
346570722
229135901
85215694
665101611
898166913
332778099
840932472
825712853
46280005
371251977
755664878
467095479
182269307
393430433
827814036
715405959
981860021
820772682
402319066
780163840
666868294
875461485
125307888
327110109
651783979
556029984
885532581
285430052
628211674
922958776
745928942
11908362
441530577
15681836
322240056
931496172
179874812
338567031
615636703
42842771
817671298
694975799
880423789
157877535
667056428
901200588
459237617
645374568
686222398
900483830
219407538
772157315
686906004
647270908
287247611
696885213
995208952
875883729
593665450
44645327
538097487
399372378
887050121
90185747
402741967
772457503
841360067
151499189
954853085
617510199
143649081
420441441
468459833
103454333
219476576
402983584
253561473
761997878
599316986
467493741
350449525
588999569
789921397
253112870
827067490
394714766
544109459
219208620
900378762
652970274
514142654
608912262
778948036
331531199
697713132
723548557
784661108
284306004
407836889
783689815
146152648
348352410
362199512
185121285
529689021
970573171
961763705
198550186
935057966
280612314
961496902
187231389
781517233
681856232
180715071
577569634
590346859
159780238
226719111
623046200
975482955
149797171
97457023
707425442
325609115
480079862
385808309
676472064
477138498
663623332
106644222
354108997
195093368
358157228
793280358
873423096
976547952
524409554
515948538
547115272
121683336
58506202
33087300
549900356
420283363
151329477
353052526
742821575
616409881
582085286
532362376
852701030
639889239
4305896
671407692
974816484
306068246
130633829
214677991
949079612
774473783
238960398
819932242
80019897
263788661
507750644
352953612
591175747
470326536
656489601
404820930
389315449
451144452
684752508
489905301
594461011
400403595
208989885
372765937
440794544
918362670
777707450
75131097
371382483
899407486
558359707
399379678
990522278
158817879
223640315
205109607
243874013
12567039
310594513
236553546
793058147
206575568
499175814
263884505
689045857
858947443
294195632
708550908
288195224
48224187
793621905
386192384
77092624
733599538
849037459
191730887
417576439
795055549
324311620
524745560
314600352
10404878
524785063
469258132
175708106
117255670
274358504
318476620
608135517
444518628
192484089
477346195
217476213
211431401
27259812
956364882
249641715
182908680
71718860
349155479
480745962
568503604
269506704
347266728
60567905
238231033
521582430
308815458
658842412
911534793
92738606
888232945
657118192
99651529
635905034
952190680
708669388
56148467
403008452
654103876
863732751
332174669
211881437
130893186
810918062
263666333
771403939
18306696
483936937
993453436
900991450
172636315
384755578
509754678
722449993
894481898
954037430
337315000
156371920
93597912
86944756
645486151
581853978
891515217
920123011
711201312
724970801
624654931
959621306
487702481
900805222
491853361
516052121
444477224
839090639
507062336
582209124
451131798
468226774
619910955
65413907
351766915
104635603
123135959
772940463
52769853
935015047
404872816
97029950
919846612
615694222
742719557
457686180
854000684
700472256
850348030
444272756
828578445
889841221
887736408
615863683
459789777
912863894
149842208
229240201
779720010
833682543
415338914
384245994
67903847
899699930
226520932
207029150
358722876
547670653
531643872
153335786
21218523
494780008
631861718
623910923
579896615
980926174
467945078
206801228
70831426
322521867
119062036
268354126
421745383
578042675
277265370
426304859
545158439
692404530
142437300
794550351
9358872
281485559
475871132
54427755
695532969
798876482
679470045
455506722
446949309
31142041
920638418
653802034
229211294
942900736
150922795
522523189
98282860
78145780
274826950
952262481
641647619
778867151
924017690
538234584
958867463
139891514
232117505
107324806
210870431
104015114
925443977
204507802
293662256
397417632
534679219
308561691
541522825
196724510
893811838
379668864
95876324
955462246
57885292
935937700
187198447
677143039
130042283
118077863
582896945
833071833
282142971
361011802
591804233
655492743
580936757
998371029
923159216
909219092
75210407
477044605
442279541
688366450
399009877
422570463
909003684
44282508
718747921
92361874
399338257
189959332
349643394
396771067
511983014
90126832
530457214
999102061
398592538
618210502
917944995
443789429
384893423
579237167
120885255
466545417
754672495
26744260
480237604
332193945
312256467
217063569
18734288
711571558
728680911
483203108
993198278
773086249
670100229
130257346
179014929
911926393
958334100
844028821
333557276
843694030
308716837
129981247
8996585
244476714
492344924
565063819
506679979
771964208
794025708
61684507
116000125
439076297
842971569
898833494
726147532
806212240
529605131
654715735
787415807
538431806
892374145
325433357
522885534
80990342
252072583
707130359
469993064
87842573
154290030
644227179
478875116
773183692
157220869
579559585
163074236
596646165
253698850
206453174
405168105
574360837
661674362
954976799
530982314
475057270
5436522
366491900
793919681
302072794
241674956
354069528
724598665
286784730
274923967
717627229
757576861
866883439
724206035
852459223
923623787
12471413
543390215
395029193
74477243
651095074
428673712
965902675
474973690
955082411
578631792
64056772
687483848
448605105
163687743
47261801
602121848
212958293
591646391
898876279
766934063
9925502
166002828
71736653
258864167
734606615
789760691
366072185
804389213
700120085
142650462
230698126
628984732
213011648
695394133
91281132
117193176
112862975
849377615
668538188
447515376
99868062
793031702
634118854
491243224
281846528
589707168
384655044
60157635
524823212
598124352
57714666
873832429
372226222
305520118
88421687
46818199
600982161
843719881
692485488
338494243
304430082
868378687
67708150
39063953
319042495
451138444
827691028
425660361
431275431
784130411
608481376
426404719
329936616
220838944
847904344
90138407
28527024
946842414
292104482
616237868
183411024
433999588
615175965
225569799
510227008
448986059
3237177
648224798
93347669
617925071
944665363
850553724
564302777
859533838
319976132
489851706
730946422
119854415
405238357
407528716
98616086
48772781
425669476
456850649
561192613
711576194
341632391
656723010
916857425
369167045
429656124
621626300
333762370
765585256
554435515
763661284
1262810
127323629
634458944
949453635
93795407
874531878
546359476
294681078
594119055
221509989
271570558
201386538
673164354
359583525
427639961
745528101
630097557
905980323
884400842
658026351
218171012
111489644
926710669
258059152
710247274
420712615
214845194
479288119
737445047
740854953
457684317
325325973
46875746
742016341
119733955
666797312
487899306
300840092
244357381
810180165
942853761
758402335
407880844
330585972
512115825
849793845
688212620
729258246
851791231
71802631
113692704
136363371
787098313
268931382
964443664
42689906
685467054
639446477
658145193
774254149
507477196
497745793
717090228
260695992
665790105
330117562
878320611
624045956
727720553
194932367
358562724
978614352
550970651
393620364
648511754
330179586
278499591
235791409
385459929
313293709
542772659
922481455
766376923
104579457
894123221
38851944
362310108
416981417
526075657
423910416
969343507
186398421
537587151
197973716
440734840
522559884
437821882
974500261
355547688
559572528
522328499
238035366
411203595
508112741
365273849
870685442
180043670
964079427
615410037
418116397
16292105
423350739
656593544
498817639
44766794
919884447
432095278
512966081
853592700
972958487
875365403
661640009
194284372
448443076
810722290
36152105
550108978
500674389
245064787
75976802
739810407
436998446
560061234
746501848
441650486
254183225
604354998
932044615
351644607
811502377
920414176
17041681
302288106
689822093
429616567
473152810
270782624
470335427
105302767
737336516
572750257
528972354
205759290
8738067
928092142
820845460
545482324
417669698
158954483
694576110
810265454
550791281
54618053
515995897
519032530
854726903
333345078
958898974
487159631
962779108
220395475
444524633
228628422
969127448
777418039
827142908
339033550
648881469
387346825
149954567
972751798
929317985
290322964
277286452
184083455
642184532
374594252
862126148
904581146
470444900
400117150
932454840
564839548
654293669
175666027
352518960
573773570
114069135
69721982
224926116
84105809
449849329
422339249
946830491
598642806
618069090
128630758
1503059
636327493
941420353
577454255
21848055
898117629
190191441
908480926
971257425
368700333
239559417
442080053
902561865
773408117
708326770
422124882
776095789
342513437
449166454
83038481
463887679
22253360
544272254
523037420
738609247
170704953
838436187
261170435
367037140
983385846
548791094
718646844
788481623
764707263
402530692
110559155
729701218
47755629
743038684
713947668
888026352
434801871
660793062
598333632
731637982
325597116
673144030
278536903
969348602
113743307
202911467
306037851
981934630
881779029
508088135
764809973
665572538
413244885
180425363
748833429
321069325
15194884
359927877
883103598
275593945
189648760
608733835
148101638
103962098
386303924
289574801
388328980
742492671
596768952
306034463
753192734
409946266
526153138
651052838
764779006
475227233
799140543
486554604
529710278
624499993
295204928
905888850
738824084
54595053
108472613
997052263
474685240
716137275
518807293
863493730
225694570
887266937
754186972
149615846
670389061
109847237
317750730
150085504
160157658
331664209
166736212
195057226
424659604
91260396
731502731
956741111
519038524
730790846
194417424
27458818
877551975
760237380
391293279
850232998
772715179
905472128
494282414
123698757
479095071
323104521
813097313
969989887
779813763
991336293
133772847
611773217
384573582
695181114
526026137
314327009
250054915
740713778
363222382
946358104
936569028
749469922
918035827
972197682
519852141
385439955
52506356
689400903
910110293
115885804
63225959
921996142
30660898
729472204
614796868
204114376
534718142
20695229
654736364
721738637
606863940
148986364
980461371
713790626
708366496
84937592
265490608
733604274
427990092
594461262
894721079
164762156
36658027
947120685
296762305
97825402
370669898
108348456
837433780
410739691
976173212
879793889
346643644
892594201
549312158
96100611
287131681
668030507
952367810
468208631
267357041
688336649
298027040
663888657
124752707
17780848
100753267
853310344
738369561
903089889
914651961
831376277
332252879
202235444
327713618
214697353
482431352
87387624
438233104
317664633
794463597
130599826
614481776
432963001
743552655
690530735
214924521
304703693
200941235
802886583
71280201
284029038
596741258
222625711
622623767
629625176
582771285
249817926
922254726
792047255
957183819
471075192
843003735
36379793
457886297
14109290
286757211
176118039
977495140
671060705
618330763
713990328
757227958
14185497
685632488
993054492
548448421
228779166
564668849
936046488
302037551
384507975
880183128
736257268
644192707
390812100
607184951
318672964
573621604
698475888
22142166
356988884
766220706
496795593
44772198
15702081
241266580
22643238
354717418
45524417
306662101
128728544
9780066
545894389
465227331
591119114
136554170
644893655
30330025
961131579
208951309
241213579
309429229
568370295
222404844
975189031
572589303
206173161
700678883
277670351
337280407
179667498
647060173
845790218
368297417
197736542
796830292
498857068
492316468
541945235
738599199
967273566
825139610
992234292
622640012
25133160
424994310
632134423
379816624
479126455
262225264
676157949
434170231
94794072
961589263
961848668
667759384
593609340
121042453
171300963
295454292
652285470
857861215
812143455
582676456
323819278
532764706
239158498
985172561
924544508
175829927
887640331
487990913
653067379
316581435
143197254
585489468
550416141
957577833
982374836
98154147
772564395
999500294
799176683
549832517
398716972
997116268
377533708
971746420
11163137
839132911
890980802
545032631
609406299
476355804
369619110
801440653
2903732
2903485
142649773
991676599
239657572
994399103
731496763
450614981
486366863
992360885
328868117
164723218
365015161
11398145
936794413
497377520
513476630
376667805
422928175
810101362
310329800
700928450
443502879
640867161
383065914
325478217
892804808
598211969
620396624
978117231
243880644
433406873
398331501
654744946
312336364
597466787
46996300
317345098
111433340
279136289
498866758
134802762
933299436
188348312
508528978
140180795
555472707
620753552
233172362
729763930
854649169
776735002
782851989
360275525
19318602
359367773
663206623
903668595
650819726
946176862
88796731
800112850
470435255
983595655
271607868
85798086
612903597
717656355
26400522
542467305
657854835
922893070
390051019
817562854
643176382
189698511
18014823
992404788
48519680
302191431
401278699
535496233
667410106
33462863
762237810
751193702
129983395
821156345
725165366
739119675
75486144
338184484
862761327
425230706
615084262
776720121
221849075
343075717
517601739
736977681
128142841
419545665
694284678
523371008
174309249
213670606
747924579
190198397
931563133
467812998
728961941
531108496
752518196
470688693
479327105
987711327
864807804
145395332
72276036
398697440
570874393
748579777
312716460
494538930
488267818
418698098
437432321
998496335
627630516
763222268
131184971
471490275
269128745
547622259
178411421
909515008
669004577
231595475
405291634
632262773
8334037
957475912
977820749
635916408
95145254
323876756
192600066
373561872
617166548
478337820
366579874
545450480
624097877
640421013
887995083
493210194
349855881
545175740
838590904
94353985
760732978
677251882
197879784
118990886
430416428
632058173
272219897
253156634
583169791
745566373
149193575
751981673
619865299
797294889
923894161
860363239
933880936
779930727
86577841
240332947
126446031
332283294
514210724
134874634
195337414
602523737
262970722
509138621
286120187
634806884
264054700
339036782
866839662
419662990
194839182
12898190
174557224
524609556
461903573
913345612
574164234
125638456
636792960
909193297
160057980
459375703
707059061
251139725
985717082
115858691
267374291
206429332
371532832
753854732
265112657
415549992
829098107
423833395
858442616
754312129
564019492
40592299
118404724
391896260
861518778
446922655
668319291
885339129
496881700
59924347
201012381
740374890
618848204
532043161
947379552
460728391
211669868
495508123
976830939
483752994
485546762
764432597
497885589
847485701
88435151
554511118
356731389
343787152
808059105
315405981
586350139
499761237
426262464
490184328
516623650
789686381
878122841
414097020
593035330
780933364
998263292
619019093
84391560
352482393
647402731
290693294
66894050
135595856
707405259
934641837
370406104
361228455
821163502
442478667
667065710
655372687
451843854
430695928
109709414
188477097
886508803
568804704
683071648
488796595
388996877
878250286
187453981
933244764
628675033
425949303
906113196
627439268
512835844
663855696
357883094
738932235
869067583
562739248
311302862
189657656
865958809
470979878
697697058
534096319
9464580
621404098
619031044
553318970
977628571
50243151
365033850
757345718
8380987
897094253
414378441
164385533
951382110
324563734
516784015
211043017
159762599
356254836
919941496
83965340
872599838
199845479
37259612
802196113
629573237
581441031
844777281
242274813
996784434
234127514
16554998
701748009
528420595
196669979
546525545
691262893
63591019
661221348
296282830
762120469
609730839
392903587
384772614
589996151
982412084
902687826
834707430
374370841
349313075
320625487
359330531
821150573
936597593
421246153
171066902
957415672
992499666
384791466
112415068
298245040
588673440
83674371
52894429
858615199
612978093
315583421
486938838
652163403
363827278
300637648
471195763
325979670
25730226
540564904
453484992
17482559
278873786
269457267
609469673
219487015
510679085
648610661
888570418
889320824
389782871
800900316
640109792
16477307
765632126
555987275
501698363
831615921
753940699
284902353
802282024
310855142
526872350
640188666
818716249
812151130
139660612
784057026
102387417
243227544
392101735
367159931
317643518
522779337
895794645
101095774
483781199
286288693
560523656
506583422
773197522
124210069
363789191
415089800
652388390
50429740
676749604
649764649
572706134
489093204
933032377
127883567
859592404
959144383
548300108
137359155
561664896
167689367
853345373
923731418
27485719
691498559
706776009
603979454
784466134
725539714
770238006
283125688
187372624
82620339
533650202
903157444
618527933
455033050
333999623
756072529
149408910
758733287
113433247
499683378
169256807
308836859
458791110
167496184
351160956
616642120
949188432
24069834
537528305
530693292
333398789
764245209
679274718
683472389
643423033
580481961
461700336
293878446
839353564
528951391
866764771
396283587
801318630
276081513
727885383
703557234
721311662
759324627
31789345
682905851
444019718
142611351
654890439
221470961
523812641
517809717
295137023
114623133
390019868
992665153
728240711
653674998
266351154
945017416
518326949
665698599
594512882
89244158
709577802
562235640
488472104
104218312
952640314
297907500
127425889
786284108
366951944
622993759
326634618
557866152
605241866
696279406
258992537
372933643
997811636
945604614
861725991
36981545
316841739
454822782
612401972
591512001
404894864
210494334
836341942
588389764
408506258
604892874
606796308
106258817
219159960
353353945
255724554
105898941
565758593
55629645
221736189
345864504
496962313
881330958
811764077
569419166
867056761
769391633
445042123
976123940
776759561
967029525
826426240
70673601
838880325
252893730
543981601
72924113
784779852
647356180
872971300
903744598
4150099
82302660
421823696
631461654
312708592
395110612
856666946
42677918
24424801
549402548
894909857
965790906
605702864
828938985
849544665
562754006
606560219
260506840
554107579
7628312
417805154
306768222
931550956
83452153
647155401
970527576
620890372
708951525
358663325
202763837
513734387
574978418
949415806
218077820
76821803
886867388
241574281
558029893
78010630
72340888
320373222
84139571
560069030
683446573
101830439
838923940
681501854
299978444
595693542
59347888
444356431
9225135
989261574
990474661
961950178
696035345
624717898
167727693
420077018
144921921
600931542
853507789
983375067
576076665
126292562
479745956
65886282
959810579
197928274
181124567
738853477
171573062
638839137
974998665
523528311
990814251
804963575
911770725
308261424
859204310
78633447
797301519
41452340
360378378
977761665
690321895
759259566
932796055
898390962
173580450
938855326
609582132
656097110
332538537
552487589
334901208
546277959
788382464
505043354
183102527
113689186
79869053
520657926
994054528
845403094
409474763
51591967
550863648
576163281
559463670
956812280
48755902
588846893
144775083
542350898
978621217
909474427
732765190
298587780
184415867
503266089
201746776
487754835
140319301
460758008
884471593
490731374
884168818
47564734
823625176
647990798
222786170
441591055
773095667
589653426
659451945
421139392
481950025
736586679
534039600
871369348
665874934
410586007
130787338
467640065
278367832
982925600
336391835
309738824
192793375
582642404
8189013
5221949
732093429
318968609
50187029
375822185
232580012
45847694
148568380
878065335
724734292
453267116
921350004
235413167
22115439
510701803
757057450
237339530
364622370
743746172
66773405
485562588
313921354
641787389
806508758
75628821
84024114
969608245
492330673
544767092
121271267
130139437
309511628
471342136
125390483
806678935
188849807
490537486
361641359
484304485
894991484
611374844
538287791
533690245
363864925
108023758
95073764
219756641
550649634
338082693
355544913
729787865
48717133
537256161
978455489
131167349
603937853
63383620
234966751
675854555
56665606
228766727
631413230
484174983
807764314
50022603
758026275
120674167
396661356
34856341
179088932
959828865
494749156
935363368
692024026
711336051
736861128
551528681
757301469
856436415
55937968
565054841
296171212
675757342
636678355
821942617
961310197
707710282
790934191
128981242
474775785
687028053
946046916
156317818
808859895
502517181
785338434
23162811
295476006
445321248
841086020
198769855
33571924
791581188
872625115
40481305
957396522
235164432
765829367
528108530
592762154
280309417
31638062
240296654
757836758
670225902
853680763
728662597
830352140
778900281
238733592
632901884
565041561
914579869
680067754
806631217
729650217
286382522
194772491
404819729
435338312
382300516
450502492
670300153
195631714
793775953
705435710
893420053
775902731
757523863
487641406
188229080
607430904
489427936
707524844
443935437
853553134
598631700
700010573
467326948
537326368
286947112
188698779
200327397
972131590
819445113
271945945
20281366
144428613
162468006
971986499
904308830
213402991
762099995
838092232
20980721
977222144
704259311
665675113
528687083
645952652
777911369
350690715
646036649
618546056
64927127
509023831
335689256
288864300
960171801
980566982
258605342
609304048
60381934
870901821
373558774
242228898
760418156
80105322
199125929
926720380
258480091
375089498
418407691
354818680
332922823
365498374
704722822
519663253
877210437
267529466
473458014
161916789
377051945
562806360
99166473
248472424
119026215
796067306
260242362
606854867
804157805
809376651
223423996
421735252
785302549
195313161
930580302
689845030
68169047
990713320
435132231
743668933
624587115
983469869
401207640
472210853
611397230
846782161
568705883
376486648
208150310
337384556
755146276
275156099
502804235
102465642
217572853
399223714
463073984
677637935
698193458
268533380
511139081
709510336
361416482
674330353
847875890
202368977
77755945
609505850
37737434
821293103
640796340
222547021
851507303
884831352
197040882
62382826
68111961
417069856
526987624
187068744
440057590
502366003
506487667
406039677
257330512
533291477
176841173
174865279
19393657
203871107
736691521
39238457
665343487
277230420
816388222
168951638
838454509
913278972
270770281
530510696
388015163
14591829
225690475
319966562
252067826
665684438
119907012
849563818
763702377
350840912
421397055
902877444
641429735
889578121
995938089
777144357
831347071
940975059
923520978
22556237
740049584
274744317
96746762
599791315
662894861
544141895
304055504
87946595
614889574
875949112
61723377
581427610
328078001
897257855
856918715
457711760
47778389
486408178
130003391
159147521
341862712
141460877
88234225
941407521
884688917
644854174
271864182
209196484
304314098
233843595
540736698
248956223
724301822
27337084
460311766
650595896
146993473
841565208
778516619
355402950
800166480
185871831
362965858
223758261
160085294
242912121
254436736
438007597
280833923
523248083
787846662
332927912
590873425
886352779
164637414
304297225
451495083
176911891
829902084
661066965
717501631
971808465
827072793
895632766
767671426
789262729
409402181
342947625
748900836
464195999
825934873
183569468
692779126
99481116
206174285
860243848
286991938
151737736
173432925
274321876
657653320
934515670
357558793
559506410
770054704
733602911
13073118
73560362
961294679
457566341
538992104
90636824
160653873
642689884
572937557
386490552
78792120
856287558
275470628
381399208
429447255
47074664
923362076
760066271
878882945
212277437
394700210
908254421
136857361
197619791
337146558
106482491
409337581
33995451
478325193
382011901
490119728
143510191
946260254
82839567
655225547
595388758
724132235
110415055
196847305
353033597
818551542
851041191
989082652
489625962
860452030
197127955
764866618
973205257
394386351
655626137
119365919
407538213
866424026
90454807
43680478
869164869
126665122
540186826
693794677
561465435
488749587
582118358
831164083
540864548
495484210
1557587
188685185
390944725
399345147
103954631
817889834
248231781
225943972
903365815
17714215
813090093
37731574
19642400
525398672
208201962
921113782
370432190
770465382
636444177
682049705
425933370
815797748
22716510
415409175
486805669
172815488
889911477
223356241
457629567
163962438
771390355
54884107
932252929
584623306
217139922
106946484
79781930
6490270
953882556
30785451
259612324
622127973
218239774
452242533
732007204
829244734
196587526
885002193
960546744
33073863
422790799
176861631
878419899
591118994
400164361
655429738
457412834
877619460
342431716
504361449
953344637
491116764
542819019
27880004
161211192
417607067
546654358
289319895
210722902
882965252
435374993
362016881
349756378
280878021
742625649
992164715
77998260
168971267
617820165
538187883
997088533
349821896
600102508
763635440
308542152
55348042
463428636
536089558
573085402
783644521
224810494
309759038
517447643
931974
865908867
260358912
301192858
966607806
773812457
457131164
16592459
95427449
359083006
240627323
232090053
111743794
144117049
138044455
197954073
887927384
361931068
74107032
99872172
525050496
761820049
222002407
5990904
821907034
583726880
260569827
285155097
778120138
643020649
665885005
739780340
75253496
74328331
57927938
759930553
903801873
24366833
534283022
897237973
706189864
621296587
559155763
223253207
563203967
814921421
112065318
346252365
745858532
289725543
232774764
337730176
565536946
124704206
182982742
193218096
13700449
825797908
518018920
145751138
917740917
839001028
666778796
496876121
365751999
742749422
330464914
184787818
569200995
146556646
318369119
203524323
229022488
577003775
969994154
689639028
895313742
655935662
388343392
63225941
498750547
637720109
175645629
143194427
89760618
379588935
72806820
828943495
588474359
771905206
302626699
857676083
18467956
392780156
732108094
870530231
658721573
398454819
295961988
531798553
29280690
824247976
337179590
436681406
600330216
247038509
706981595
971821839
480851178
422770674
852093339
923391733
746868741
427820089
62829009
911385218
367273194
947482754
609053317
966215060
21625190
830603763
341156183
52361389
114367601
131324816
466271085
381571079
553064077
308954472
522027030
61150827
236798220
265064887
85465930
521980646
682564305
508523367
888054530
659836862
153061280
165207704
257817293
364088543
885446589
424349241
985122177
68064209
377772720
544208188
590943384
165841563
651820927
180848268
603745041
447710142
808662880
410301564
429015209
951747872
361039032
271178558
868608865
93319176
709560300
567819586
984765526
852732705
285518571
848508754
782480358
978327025
643175910
962259965
991065979
600737716
445936598
890734575
833608657
354003137
897729635
776828291
592540976
694904820
851180296
327941033
132081286
107234089
171737214
6521303
634123206
460570281
717896710
441881124
621594901
771615971
773676386
232304282
538483273
944631068
616698194
972324770
756760717
446084814
116246947
203730595
624131072
8629470
266737234
826590070
241222571
661688090
542297137
354151557
959429718
462304172
428344043
415694576
81221831
160910514
454576132
209526691
957188540
822846507
181917495
980227534
945196939
654698281
458906425
734158623
749651554
634274221
857152928
778307685
67617398
128575025
126302028
102454238
536104203
53110075
250406018
316299653
736681505
54149704
538802188
383453966
617725852
837640091
734916216
634770382
615655545
357508169
928726807
729214394
70152443
831711123
235716263
504529483
876714126
868062468
485814701
272148599
245774670
918998152
120841179
431356023
521199354
634663061
206828734
818041349
35528134
936353157
386888376
998053977
933433646
548227277
722386870
875912564
719871658
874427241
728861827
973994997
442608331
482193160
54057985
887412316
202490296
46154620
350126505
206051502
157121751
175366896
215470918
389282858
181036084
805778387
687129811
154560933
388385778
792621523
334945071
778838847
928318704
674833616
162586008
618292812
626951852
118875385
339246147
289175675
155760626
148097028
632370672
76067610
300767524
504584777
758840153
112637476
513393823
372929480
218092315
549785114
424790751
326647684
205436063
901538778
862055710
668824624
415833776
669923092
370000255
498436960
813656913
978290403
667051107
680555147
765940355
240351407
261445938
497389835
308790583
941177654
326407709
115411868
84122830
134849849
483287199
11531750
816423539
99202078
698267143
298738474
63729966
848200228
427363599
820108677
637692219
621870023
269801405
961289689
401161029
39920282
281154876
6287055
406645252
82944813
594257260
180198221
896626089
507778116
668170396
682160824
941239150
758522509
83859731
437519293
179853183
252174783
815267108
681604227
92031747
959263691
262378434
18066958
470053974
933313448
264015919
778616548
720976612
902008760
970626703
672940599
417801313
646445976
118775321
518125348
711452362
300993843
830821603
568350978
708706568
75568806
436117533
474305872
26978572
350278114
752635638
484145197
438231430
295362928
222290073
97105985
417030259
573416723
895044551
291211359
592417821
892090909
342050562
591466991
44804924
995099216
226853165
476427125
124312533
605038190
834446519
799652941
525554653
194388265
532688930
751236687
121562217
403667366
994434956
450879546
630556182
458838690
59235593
548382629
977348500
461674102
374202021
647907698
560954722
781204207
734061154
850002484
944540986
45005448
861989268
451680283
331165719
322901826
591637603
112226019
740566489
36964483
190705156
267705401
715790002
686508415
360294741
275488310
531419819
466192036
973980976
626585602
507090785
543159358
892885570
199713372
329340553
328056137
318174861
224109485
584596771
766903782
111812505
199891346
836294055
48454324
260435034
572962037
746288487
450098742
727073931
217246660
310515540
306346861
102386067
725694555
310201569
773100462
170512350
413950970
366935509
650646155
530600978
328016970
95357155
290986198
60138553
574185285
8809685
821216611
848734451
612607824
830792744
333983841
782477156
587149551
926844539
355168002
523175454
791350188
107804461
271729713
549984001
842084019
306679474
763229944
879117750
831644768
314563494
819117945
669555809
747241506
152589753
296289740
36027262
336098406
126199792
457949632
249032199
590093952
367697042
884489042
906847640
382957177
105106083
12841694
308615397
88934772
863093228
842976515
865767302
249014698
132905829
627220919
336733245
252331127
570269945
711327250
388649039
825116653
418352369
177234339
413650542
707035899
565073527
77623960
177389985
60089337
706775634
37553988
366148944
180195303
55430439
968069875
501665569
955418209
988605214
104630178
248520076
980736609
292690945
793037176
9644287
820865822
985891129
783392165
447550431
741518412
235987164
242732534
707396798
944299093
144861717
921085645
805653130
165623320
488658689
167949852
854854437
507281726
722668633
957559743
469055843
313565384
421039240
299128737
811550800
311711452
607805434
113192409
965440988
263329913
984892747
679346451
619204155
814683305
438202143
572633027
487503368
225328839
741043890
3383204
788013012
474272871
446670094
235640278
361346925
38713779
825854537
156122353
43542204
634481418
917134422
820496296
649068315
564405379
975982233
1035260
906184242
621219674
923041630
420484286
611271394
805984291
681318796
818018554
193041021
711911392
680899761
109933649
361809982
163188452
436462531
724768323
659897098
830587670
253246536
612502445
781330611
955692077
685859849
789568108
835938689
742369750
273713970
363606243
415403363
483564787
501873377
804014429
846849357
658492871
309354380
603604137
312085134
703735094
848158166
535066712
553139080
430417220
748750160
677433808
663658716
480079823
42713583
894462296
71829310
854483539
222515755
685211138
488809443
576399637
891452065
897441892
359116887
198696819
646060348
116549984
829806275
324058145
381635684
598872370
84357613
465092099
30624198
138056369
825241123
941417684
313862377
199514237
473889502
790188944
855477049
862334896
759132744
517416855
436977162
756927865
712599828
894286694
399281646
191477387
806080909
19663224
695111248
755031546
977886141
218318541
37774385
441074899
573236335
221310446
155188
838386198
990409009
265755156
543679254
345995739
10770986
138587566
369257245
610216155
8805217
340611528
615679441
18468995
692401238
686973800
245523025
656940819
529541113
316441479
171506747
948731367
674931617
674955224
942860610
773317851
467881610
597657429
595581374
165950449
475584918
816528774
460275304
417571365
150506740
754907375
668151595
41652160
551261039
914270525
397920752
728904369
197268358
644969792
257133884
159957467
154218327
906055782
30745442
197603174
648194059
273817466
437867484
264792275
17109874
766275427
245825791
279204100
870274064
495881024
245102730
576921598
971984464
818546955
28682454
765865439
280325302
288847068
477316932
264485625
230739914
633531150
244238613
659488671
388331771
91747459
904950695
78568676
380045816
909600279
450432734
678198831
309431875
641658238
227903506
359610570
94132392
434301967
229427784
320477985
905408214
787117607
591598629
93506747
424400940
283928146
666772624
747337001
809977136
546304595
245044659
598363188
118501941
920876062
729487650
497121962
198883519
74500749
364065926
651135496
618974773
64376777
703451435
358884084
955351956
838705342
154521632
772513953
970366640
183912692
832705953
64186139
149047039
207940403
523547936
317051139
298935587
341367551
587685292
812779868
125685190
611336895
137051184
560096068
402214063
272736882
917174491
863881695
970409324
620490669
629735251
124289558
940898082
90290380
486223700
825952595
949480563
959272597
279894451
622203039
818171796
716659479
695455316
25477221
307109805
723358757
289443530
332431919
619858571
79112137
191711612
915022538
788419976
497780979
465612351
426547830
868477931
44425282
80785726
826252763
517793592
852718311
598400275
443544067
340071360
416329077
63142525
813712543
255233996
72823020
990172576
979762598
764816817
945020349
13791786
178734811
403296735
745093544
863949297
730061240
290602956
420586412
359576254
422821622
596953836
410567595
615228676
163951046
546728822
629150540
527219719
905515734
43453536
208181605
65022821
536563462
373692640
417810908
474678138
202503109
9395527
527878881
718040937
651442223
955313621
646765036
366549696
943435510
784757139
481464515
154874589
964356634
972162178
678892873
19550023
177650543
227806011
190649305
248954089
403987794
772492913
740458824
330290679
733485940
181112466
187107237
692135696
116571323
267009896
598894139
593632189
760804507
626001389
1010248
394548882
638517255
843216855
430479735
275036327
244222163
165830777
18869365
331676077
475295244
37721118
78712568
56711660
8150055
938531486
410262274
999795350
828536083
559078694
704078047
137116079
238233899
252846171
212083159
374536811
91191023
455813185
104018646
758408834
968197822
730699197
671810971
908659592
35805289
789956039
564817726
328661396
372550143
417430566
637500601
673945794
77404032
168754606
749047559
990319449
786985854
911742784
246483359
302452696
354283006
351551414
630404033
21372454
391493407
409692660
360112018
706494870
967976471
228495508
281432982
467236027
195141858
412234641
711550693
429678649
569019168
831623636
494674450
156848523
948373646
268838162
587123697
305420849
548217678
5981754
854552357
386232559
104217613
416101600
532632084
258697562
109020280
110007346
902382653
382176441
573325762
220582041
464990298
248038454
40776518
905555959
958680121
489180815
563911774
822799677
78243176
119339347
499583576
572583819
834218130
500541723
784710009
478544910
647944759
315298574
600321611
798902848
69806595
164560138
620860527
485506944
402647384
273568276
115579508
30069718
669086448
562425280
151217
251763654
550257507
742196403
995332587
458452024
73128339
817862802
414149434
40102952
440723432
77139555
692219082
271944862
727810044
451542407
81147931
692328031
274821846
858878
698622129
607766539
925274838
154209425
711727529
392070573
985293156
145676221
771231851
743377905
213618149
698078608
500292321
600603453
203233870
135270691
484030926
648577832
121457188
130425771
664555657
150479425
396051831
979657513
485453181
234376697
749055634
848048990
746406714
805900505
378028917
60041908
283483997
330988871
471694211
981369305
415287589
336331338
545540973
966480798
829343129
57176468
543693255
844339387
466139812
229248105
490343828
284242215
65331079
970242891
907330615
620010821
164607432
447650618
834447430
994157334
71498405
836385862
213177315
438368465
12837142
208480752
48212359
310981143
689834656
73355413
914762115
415226024
658082096
504200424
440353107
532441258
989727709
777841944
167732248
535037205
584211027
382902739
87859593
752103431
292661416
983189068
271226840
975099111
55877665
491953382
62905120
578201437
761264311
679266613
137581473
49942568
147266764
911337702
236403698
94504210
648912643
323664914
940119040
448874212
221122673
8021180
251871637
50462608
511392174
241420178
371092694
459018856
692760146
691236457
774134952
85338393
467284650
198871806
683902081
50700932
323092769
78914242
907772951
444523999
860059900
80997500
309061993
779673949
857853877
668500206
394986208
118494099
15581746
689845931
340590083
26308533
94960265
776322379
275987477
682614698
893307169
818726495
68984535
574552003
91262502
152858181
474010751
158933038
412425267
339671646
840278370
17802688
764789398
788830528
909240332
768550560
936563968
292145746
524305659
985306551
729916931
386708674
638816564
475546540
731112363
964737453
411765809
266120873
411008495
979789650
279427270
438204506
679220302
373024649
967277484
511094022
947841501
713455943
655581977
603519082
693381812
860477697
290796407
295878479
803615701
537992412
290994647
371401957
513564381
23274881
950966429
105423219
550302698
170366235
353270946
119850086
330595908
274431492
605371696
511564157
806348328
412155910
726520553
619818066
668769782
246990955
151719008
687679397
369113411
665536415
553378919
709043142
932905515
958996545
214265127
691410380
677415163
247063203
465076936
302874810
874381864
220922509
478470195
958258414
894210584
338708858
439312433
775913417
216146418
474474564
868896019
36163941
289644288
230907111
389478577
511813735
886778096
645925314
526676885
90658872
346291660
215045833
382996896
856346729
235950264
945377790
803349579
269162438
351943599
910883842
821631658
254200584
205768878
852481982
826967134
335915808
333388971
906135419
667510321
933680975
913107165
185202182
349932810
903463784
217273658
343396581
555533942
321251713
53789145
602524382
71288966
713034626
426377703
165877154
304912724
548658478
795425934
612952811
305800125
921692249
731611597
450477849
321958448
534263443
569553958
246521854
307018279
150866240
824738652
901209565
757328531
620820911
531502041
113278309
498552741
790632738
490577907
779705530
333527486
680242213
908911083
934428663
451000514
576220519
947749755
95303443
642005089
19204031
112952701
329462579
579335834
450580770
379477238
998970248
863009659
190950439
291837493
143766594
572090668
839447030
252986250
923789094
613050909
575907346
65208567
549597441
384369094
768537364
418636411
5821170
755094330
12392485
293728099
816983707
201696873
139022988
115776859
210298969
849269358
386236148
137039089
237409844
554965673
665938580
380296752
683401302
669947024
723248804
851170084
89969832
674736316
677314918
513825188
423301334
304194875
856560084
829705349
761144496
937725001
999318751
303654612
813885637
136554838
605310515
961770670
201610421
299802167
824658992
640500513
619342678
824212326
190695646
333204567
636692656
610162328
696884850
665802306
772231808
203981064
593334719
184647917
585945083
192067654
808377573
84790004
798479113
835570879
199513017
788184499
86965712
886325855
594842124
169890699
768556413
691702262
299892100
160752988
553827796
994775752
699864590
265913894
277393005
695589525
947279787
717933194
945910487
466217028
509609347
850958812
355476048
200917393
165747051
491891402
970773438
827083055
999321375
566309039
484432530
702113426
881532934
569728646
781996112
859764434
811104245
106827975
326217156
405782365
184326396
461114171
56080078
164225188
38758734
271649725
409777661
894225406
634874197
841630045
890744692
899061493
542205138
190478810
715354167
292882974
590384666
707175552
639105871
858897286
791032424
73712145
680308340
200091491
212976562
464196859
639852743
610106560
190900157
193013264
214877813
692232440
68102131
604918639
845329685
105726956
647914817
408152825
416213134
972181869
175459762
653380855
367719688
263268014
24264020
651009416
597734701
931369603
495659526
647543386
218007903
740455653
650423436
71907243
258071441
990150176
859939307
701953275
876181358
469824327
374247718
347531714
19512309
28474981
494637935
374803873
965460318
629643825
396684685
193853173
451277848
49660332
541211340
498778270
660111688
582259909
992215319
306407807
157914648
339995448
182498352
16274834
301382724
88980004
609780214
681752763
450306307
98246576
347437216
569271409
341242634
717534042
422053774
762232549
896833968
682106612
979254009
67595124
421266531
686288972
681123025
798944407
180040496
562312913
26211762
82842070
470432791
382325925
508843265
340663943
683659603
637029971
498270028
20058195
253265148
863502895
196572809
484192352
423282665
566062265
13573265
33678665
908003371
317986466
199600231
244898705
350421299
932288695
793796134
597693013
529128358
667765525
266643969
718750575
271306326
17440649
831560799
132770519
237737994
781084646
562394216
756747444
484321338
45742029
2322788
673797866
168819037
308486420
459292021
595519281
720436259
630399499
118148227
79307221
793888708
221959295
453398614
544610649
138495709
9118516
745233733
741036803
305521199
417978348
301334244
419280607
54979505
127200257
548076189
560742760
731616972
612833408
566877228
352494798
460382575
272316542
444498772
733170386
347418929
382493782
183499653
867915657
360831698
476865306
123795954
197484622
271570428
841235816
298401072
53876077
989494164
4079051
385140976
966232601
307842211
561924144
653565704
504077395
267959414
112144636
793582364
726554599
976149493
213103795
583811144
293448997
590982817
13561009
529922991
288220420
35169255
977789830
93689181
793154528
722934876
555880633
15719738
759353565
42462819
640090280
410610887
305857934
724641809
64852672
668638473
974427008
446987441
286651333
815219802
433973844
605651406
218247422
890288403
86453827
54050279
29361110
894510953
451591386
942263403
593923829
641547795
924157211
404795066
234293186
228396985
124502121
433610422
836608559
300637435
800954963
162768285
207953884
431610715
353291908
591295740
237885546
745939991
673023598
438391074
940184569
964562384
271545598
312639803
39296164
474460575
334647233
228800256
526530802
465559985
335636532
737206224
579957727
698045837
975589144
770936489
230684837
757006370
442280376
744091540
174250397
814923704
393617409
801600044
434686087
176550953
405374320
315167042
251525367
363375794
316316267
966453303
419224728
262018015
382789909
798863823
478656434
619326021
728322565
583886688
134958477
749251461
779297970
538284079
357488448
410577813
620768271
511417744
227361246
783574497
838097810
205176865
771910473
711170924
247452462
185276380
860630530
526544254
317603807
318053225
965980731
810378149
719078365
5118898
936273596
859101409
325499691
403316086
993959771
456222422
382670256
94088662
12507282
351954136
986168602
312336809
314801384
68592287
958499024
13911839
436140592
796866124
144650375
888144327
421118129
741801507
48209813
794598473
627072992
720057282
305646537
535543482
569194298
447905349
319252107
396453097
776072283
709407221
33682142
955203801
37835907
298714600
437643067
868848217
410227532
823944583
466219725
355509379
936863753
525446305
665826638
893112624
118625746
999070795
845492727
682018991
440448440
956664666
320346557
980047791
907845510
92635013
721010812
829781923
50631671
335730392
703677922
980527112
343294511
914594917
19687642
393958464
563655028
280675460
222573166
700510769
491377855
315456841
743519765
504925642
167500561
208088649
445033000
148407235
618572518
692686957
565534463
537683588
556366722
518292227
803083787
307608676
590571677
553106558
993994485
339066716
188302378
344366500
339800468
460560720
432473842
59657563
225630069
709485971
29393173
357538124
457140319
917949754
119651047
958951430
247939479
236708724
362844307
751927748
516159465
25634526
259984879
443059546
303851975
911210452
196406497
1009497
340323733
13348454
701489492
811546079
532017433
104829858
240707654
864199844
243608893
336719779
475412173
989011096
123309343
852324789
726118449
489713695
249342577
618637713
192147461
539879650
468034467
164399746
136281696
331277616
268922043
42161109
278075203
105475290
295215273
202924798
40349712
52728042
458874695
632554638
925471414
815740564
984970287
207075214
947713471
371574307
824782694
644989918
791281991
553982935
29138958
755079700
347129499
977068520
144556741
643583102
903479156
213862487
889798821
855043766
736417217
705066355
330551130
322422314
302600226
994029199
480875194
30368257
112802802
140759441
641746376
740395394
672342505
912486451
131084554
344209110
179135134
100586429
635032756
250191397
896464454
690790034
63587296
639467346
176783901
891588711
492445158
15865015
619220740
297123277
939913337
158395794
463598184
590432617
640194525
544269838
358581979
362735093
246230005
517675401
231481731
841925728
108041714
657110043
659650990
176140308
125505790
934216754
797941795
885003873
804857807
648217092
210367823
31799018
559876386
488188426
866913883
288560776
953266252
65152822
305185582
830286189
358626781
807871696
587302014
287481530
726716083
963682490
595483223
557335986
854864611
484231886
644935404
725387489
328977077
730912866
97614957
347162164
896729269
514322871
391916793
365381993
196069103
61678457
322150258
746291286
813252277
397021966
882789313
456500391
107699087
503477137
741189949
389532559
136996921
752931342
981649285
926971767
750008812
907833177
100233288
249959292
722084331
591533001
666939501
271080021
671471320
88704110
593515470
852466741
620357181
801024837
743246698
289737674
40510117
242011305
801749997
237494783
446988487
832451926
788746766
735948668
388062593
495427083
415565815
392138515
646594611
342986450
705030542
118888526
800087866
722088255
796688197
155552631
240720250
158693985
898704615
348358915
930330181
444789820
383651614
267869454
168694587
380020634
27921881
835042687
66754435
490432003
878250195
112150930
963551821
728507827
182006408
311739812
227245618
353867075
690444247
845499800
266386043
893727949
115752557
769785852
181360691
461906333
480876622
942747582
929669568
765143854
976214899
605266739
330056086
434259934
214623038
630207861
332071840
983058503
519519999
872438643
812278866
919811722
530023212
995937051
908204194
126543659
302306855
111885850
878028720
82395679
20489259
109887324
275277855
728104840
727925807
905645611
538985133
248352037
780877408
722701138
301898019
883183566
962621899
997450874
785816727
144608393
26500549
881065731
666019764
22758367
845819684
122525951
448750224
189036730
592615902
770898057
4858019
52692050
768846380
48164409
335307482
199746701
457364956
444103846
236450969
197205671
533996950
985798800
323607478
824208306
780288952
419255870
385319024
450293475
69389539
809354896
11396163
768479383
700047994
800571449
956695464
64385566
43708843
185852907
611076232
448174074
23161110
759671274
967181106
15440618
447242933
20865209
447576714
223385853
253375173
653057941
807459703
997982712
341532702
946881884
73584251
714089085
490012637
239572313
364915953
374298348
614247775
309263497
221403696
348666715
711906324
594132121
790946295
853178394
851164216
32713191
356013930
211678963
350485146
495473042
147620294
871395332
878907312
767282146
565640229
817022210
283374651
306511865
832385433
658979550
929837842
429027285
620118247
184203781
238892515
686298549
646292923
434595751
551436151
855252132
798627050
98346913
192501850
393831590
48093131
646044266
29585236
708431597
908163983
199513671
618218929
73209598
137674745
136558793
220870777
218056735
870711814
902423896
873723048
151541586
992328396
285007055
450613915
435357156
834860324
331064702
684719157
9637198
208829911
837255803
460786615
676691606
144519601
157906834
666805400
222845009
55535330
322224394
106236730
459216890
702426771
780899152
441578930
860800251
229148258
455463865
656538885
731540085
39379767
800632330
865670616
858339296
86914353
39107188
79499505
203203675
522995677
31759845
431251358
613785200
153085782
905169326
301190017
520486365
491052273
513929095
834142340
3707311
111739773
143199467
521612393
372632722
531274872
720187679
395131237
388879526
50203202
381112341
516543472
43190908
921040811
206102651
881377769
928705093
460340512
104033533
866761728
452085634
778002427
761364184
877162982
567161220
558054770
476072645
115826751
222173288
259982733
988934232
927738212
708355465
322075460
509493909
975147836
768507377
214275854
705297006
857872716
924544267
266252485
947979905
636089908
346757257
343564532
161165387
557389923
150988640
639982758
745626638
280955465
395921452
435988969
7380108
862157860
738160823
151676583
31426296
556828276
307551768
361823514
664197857
712687957
715937541
988248480
575120077
385071289
184064435
460861332
3948929
133583089
225546302
767898053
167848459
50376687
907479400
400705928
509983435
337258451
744053544
713021782
967994157
726870624
392651398
716967827
660717135
369733734
394743752
687363448
23619984
814355145
239575140
967887866
88302701
749266958
259246366
777284850
969510186
746236844
705443456
465067910
737003381
70267718
687665707
253295527
289110872
813644378
270451279
67920965
954779555
848095185
736593020
744790869
346482023
319472717
715343173
173501635
892725447
595243621
755851745
538380983
547810045
735041422
240690917
733144532
292536101
57673663
917570852
239004723
976071905
965521392
568431669
516606628
982896975
136635365
244750331
122596693
406144023
347532695
361850261
180949935
514443093
636629384
712255445
784143318
795341869
525654546
420086986
507335053
319653840
126856020
723390956
943339339
178228936
911353814
877441605
772747524
640319445
527561556
620199951
430910186
614341067
728402045
427231680
166803633
765752934
305310913
865211725
904629876
556519699
920301211
52052453
502960307
269113468
20924764
585175687
134342660
384638746
806551216
317884254
597622719
864178379
402471041
440149626
656458928
20012398
149643120
482090738
118854704
605610758
302790245
274378863
18849870
137079999
948489906
135524661
284862468
498374875
605645960
119539644
257118460
222835675
929815132
53418724
971191949
154455618
486370433
185679838
445207005
477058666
511722790
192289150
221590719
193864537
531302536
284708095
859107593
740682926
47609301
155660763
899573533
553069368
102349583
351079847
693408381
563543738
228554380
811825146
115993183
15416749
406606151
306535409
607397944
291091940
991571870
870718570
468183373
213121183
840519710
45820291
829423298
319883307
717141526
838973712
162374386
362338469
196713079
692262178
283150281
577238582
742825530
955764124
879349685
645332489
253168224
695483082
707054726
982011199
46211447
682798382
351080488
535324024
742639623
917329089
856987335
967412992
93387765
775185500
995799329
237046961
756034527
104133991
614775149
389488901
813600246
256845375
623542417
524771077
844750380
126450410
452595808
861029342
774572031
509342684
32500852
340009773
545683108
917264378
232747350
898613685
608720764
542452616
230650369
356837530
744946737
730510820
669603606
276537870
28270743
202987295
983587925
614022366
746094785
672868816
48748624
78267696
82843452
101605279
698100092
419638281
603112418
692433597
83575005
812663495
60672350
607371618
601102075
378989981
225310451
830152785
881396737
572626545
173136735
482944609
465565164
363927903
715601312
406959363
390986875
900904229
197315042
477808132
20206642
944054206
593937091
602027906
747404969
858666167
755817997
165013865
209632643
591895730
758926841
560401995
602826443
43354279
27169271
958698742
564348568
13522833
306060995
319744554
519800395
990113129
388692973
102374160
192169799
866138212
966019878
138300259
982382290
398220593
888559241
360008457
744303591
587382483
989614240
258706724
550959026
462970244
883546665
729907714
275097149
217556756
68803584
414653412
347487548
369189525
177589195
834661102
804339758
174072905
156270317
870473787
897070997
519600774
320935144
284266941
332540089
47853514
919638873
697724068
638201306
280552572
539676922
548499616
64659247
398199343
7219062
968511383
880731942
505794816
420142495
984453587
892648803
879947744
848535432
547893889
296721454
297145149
153971267
468693258
103016518
264084259
9739250
927726889
648605853
777758131
100071597
652462475
299023080
75988971
38280496
692398702
234537345
834257338
949875835
754475248
814023577
177459339
914413172
486090603
470722887
450245088
443401074
667453363
603617708
221852066
236853842
551834801
883808571
468815582
748210764
247501318
423696608
477967675
311396986
494554097
756250533
595620291
536889007
970568838
476937306
792570656
151275267
547181788
644450053
921301498
186775891
145115833
358753365
583640990
425987994
277425726
218073406
429371633
150657097
370686656
869907649
577994675
523620037
434812908
628943178
281972515
864669109
791473120
7938908
604388787
542110348
343787893
322812321
182164059
620997448
167608266
689867479
225711354
374395107
379906498
361895183
103335223
392789172
796650535
347971165
457034481
105251690
328228667
700410702
600800392
907865083
120805316
430249712
416586025
511507693
933655889
385658043
427224566
848104879
113206444
201892801
98180603
391165269
419338907
464590142
626633183
321746415
583922486
754277590
614422339
363096887
870198573
646129390
266248252
532454715
221784336
393457167
203622601
684033972
181638333
930623179
400234202
434332795
98735080
431894971
411673466
764087135
3206457
280294294
55936634
332547549
402302891
336894020
247736062
935322394
480672731
278649624
841331921
101524839
931958987
311662494
759609890
704431365
725999715
643831962
152780043
502075249
421565317
280444226
596476513
419795455
919236959
146139080
355483216
744342898
435313516
414004345
3763746
405941508
754811531
900759291
554354135
948950912
787470028
149032369
717806284
807464873
189537336
158752401
166185089
189126541
235203139
862814749
232234940
333008216
313168703
123414190
662820119
745601541
313715445
915883342
735899847
799033462
513099633
356044327
187074876
962147537
970208876
124820926
235500868
421869670
787904157
887467741
576789698
51713087
473252165
310572765
773186830
818712290
479501431
748697469
968549621
610169357
766531452
14361793
794329701
804950297
689906623
550170541
653386577
218598465
454627498
450981376
907636342
30568378
109082219
115872623
189694668
902739336
270536405
741529517
572104821
621252552
968156422
582282064
777446772
433387350
682939705
426603528
701983516
31410179
577667026
41747656
705670806
1254103
771356802
699933573
182794631
134520699
100886318
679584897
623257172
828547719
661279552
497891772
721390193
828341433
331868638
901800689
123787005
747612536
336203933
142243242
965291699
649877656
186882326
23272790
420422555
511514705
932777752
966053077
122575299
630775615
159306932
983221430
914151910
53346598
775976469
68009285
671833765
485030045
473067766
60783829
490904954
649939943
437659734
743422804
22496948
926210304
984914186
369821951
456501672
595586476
555370641
62974005
758095837
463934771
139326590
27944709
4229522
627196365
18256680
686080775
851804969
227884659
714808157
247588322
435883441
902353485
38906469
276311005
543026700
993681521
450606799
159894157
482426879
36967219
767354961
495916011
950222176
591700771
873729680
707298131
287369578
862038767
978564207
692497115
332783876
149345234
430022518
126030569
300671173
988981135
529463757
490469117
95331891
525463485
775322565
452448193
529081270
449172348
433170294
718061754
944167243
623754701
232691637
84311301
607361109
945050964
891895134
312755780
882874418
957934258
921000648
209733568
798585429
503781605
16523373
739122554
911629258
450472073
507521701
603396824
516239005
341791357
366561571
405423678
443353738
235636877
128322726
709155343
8289560
144984142
242979262
414615263
18173208
575567369
898321707
166427810
194955426
911929183
381145909
600675237
23042881
320497308
617112284
74224091
179671136
26184305
508187754
373711939
621945154
639805792
347721620
601711518
363106042
105894939
480417932
980141503
395159073
574591822
455994906
104745459
785242303
412614618
757270025
182420658
927985045
139112923
334307504
738232642
602005637
244367735
311479591
575821834
920131493
355733601
474587627
420392742
286224253
873945377
321984684
843157557
180935957
501671395
834255218
989291296
588171056
471494853
267327631
237323485
252886731
923170390
864195867
449774281
148299993
45311669
490991163
969358289
404094616
994100522
770914618
421248672
859295728
724629842
494256132
192798560
387902652
667248951
877491449
280082005
217645495
122133402
816647203
44154782
970742913
973080873
327173628
140529468
267203479
579848398
27910600
677368083
947528635
371398145
892727095
500499719
92592823
388139416
580756400
